model_path,HW,CIN,latency
relu_prior_YY2VCH.pt,14,220,0.0046219600000000005
relu_prior_DNWTKZ.pt,112,167,0.004547799999999999
relu_prior_A0QPFP.pt,14,105,0.004515319999999999
relu_prior_IPMDO7.pt,28,92,0.004507379999999999
relu_prior_LNSCL5.pt,7,1271,0.00460572
relu_prior_7VILDB.pt,112,214,0.00457102
relu_prior_DHRQMQ.pt,28,510,0.004532719999999999
relu_prior_FJ10YX.pt,28,67,0.0045329800000000016
relu_prior_Z7PIWN.pt,112,691,0.00458404
relu_prior_36D9XV.pt,7,770,0.004527739999999999
relu_prior_AKWW8D.pt,112,529,0.004526999999999999
relu_prior_76GYWD.pt,56,210,0.004586279999999999
relu_prior_CN9L93.pt,1,91,0.00452598
relu_prior_FA1K67.pt,14,481,0.004509600000000001
relu_prior_L4GA1L.pt,224,212,0.0045654400000000005
relu_prior_T150U1.pt,14,2009,0.0045708599999999995
relu_prior_Z7T2NC.pt,28,139,0.004505520000000002
relu_prior_YDITJ0.pt,3,242,0.004560840000000002
relu_prior_0YYL3T.pt,1,977,0.00450964
relu_prior_CGNMZW.pt,224,22,0.004565640000000001
relu_prior_6NXEDZ.pt,14,6,0.004525360000000001
relu_prior_M0ZVB4.pt,14,76,0.00464128
relu_prior_OKG7IJ.pt,56,258,0.0046948599999999995
relu_prior_FNWIMU.pt,56,182,0.004579099999999999
relu_prior_K1IS12.pt,112,122,0.004571820000000001
relu_prior_Z4S1OA.pt,14,172,0.00450286
relu_prior_XUK6Z1.pt,7,154,0.004672479999999999
relu_prior_IXDVA8.pt,28,965,0.0046428599999999995
relu_prior_DKC0UM.pt,14,627,0.0046140800000000004
relu_prior_DQYQUR.pt,14,165,0.0045176
relu_prior_6IHCBI.pt,14,64,0.0045800599999999995
relu_prior_UVFJDI.pt,28,537,0.00452068
relu_prior_T36SL3.pt,112,95,0.00458182
relu_prior_X5WKUA.pt,56,538,0.0045739199999999995
relu_prior_WDEAC2.pt,7,107,0.004587659999999999
relu_prior_QCDFW9.pt,14,252,0.00453598
relu_prior_MSDYIZ.pt,14,986,0.004581079999999999
relu_prior_H4MMOA.pt,28,176,0.004550080000000001
relu_prior_8PDZML.pt,7,107,0.0045460399999999995
relu_prior_5WFSQK.pt,224,448,0.00458484
relu_prior_EEHJV2.pt,14,24,0.00450788
relu_prior_H478PI.pt,28,192,0.00458256
relu_prior_09T9NF.pt,28,37,0.004554860000000001
relu_prior_WFM8Q7.pt,14,174,0.00447222
relu_prior_9Z3NGS.pt,7,524,0.00450992
relu_prior_70K626.pt,56,493,0.004547680000000001
relu_prior_X0S7MF.pt,14,78,0.004577580000000001
relu_prior_99397P.pt,14,859,0.004604800000000001
relu_prior_GYO0QN.pt,28,225,0.004581940000000001
relu_prior_NSY3IG.pt,112,21,0.004512440000000001
relu_prior_1PF9RG.pt,14,445,0.004534980000000001
relu_prior_4PQ5PN.pt,56,4,0.0046250000000000015
relu_prior_5OLZCN.pt,14,46,0.004551259999999999
relu_prior_Q00X35.pt,7,35,0.004513699999999999
relu_prior_GBF1OR.pt,28,168,0.004558500000000001
relu_prior_AOBB8W.pt,14,145,0.00450616
relu_prior_APLJK1.pt,14,179,0.00450602
relu_prior_ORA0ZU.pt,28,228,0.004579259999999999
relu_prior_4RY91H.pt,28,184,0.004594760000000001
relu_prior_QZZ8PK.pt,56,1161,0.00451454
relu_prior_9KH5EG.pt,28,921,0.004604639999999999
relu_prior_DVSCCT.pt,14,851,0.00464308
relu_prior_H4VSPB.pt,14,948,0.004571380000000001
relu_prior_L59XQX.pt,56,82,0.00457914
relu_prior_R7X6CU.pt,14,541,0.00452028
relu_prior_6838UP.pt,3,32,0.004521980000000002
relu_prior_RL8UYJ.pt,28,249,0.004535400000000001
relu_prior_YTM7WR.pt,14,99,0.0044973600000000015
relu_prior_VW1I1X.pt,112,90,0.00456482
relu_prior_5F3XQC.pt,28,246,0.004562500000000001
relu_prior_MEGVTC.pt,56,247,0.004564519999999999
relu_prior_IOCOI7.pt,28,1923,0.004541559999999999
relu_prior_7DMG2C.pt,56,223,0.0045648400000000006
relu_prior_XRVV9D.pt,28,143,0.004533939999999999
relu_prior_TIRFCK.pt,14,101,0.00450854
relu_prior_KYYA57.pt,14,1778,0.004579620000000002
relu_prior_DKAZWD.pt,14,29,0.00451732
relu_prior_9VJULQ.pt,3,41,0.004524880000000001
relu_prior_EX5XM6.pt,112,169,0.00454706
relu_prior_HU3PQ6.pt,28,1004,0.004589880000000001
relu_prior_AP8440.pt,224,690,0.004681739999999999
relu_prior_OMFORK.pt,56,503,0.004600019999999999
relu_prior_CFXLSO.pt,56,208,0.00459086
relu_prior_BUB2NZ.pt,28,157,0.004570659999999999
relu_prior_VJP474.pt,7,69,0.00451132
relu_prior_U2U6TV.pt,14,235,0.004566659999999999
relu_prior_K0KD7Q.pt,14,183,0.004511179999999999
relu_prior_P4DZ1D.pt,14,231,0.004581519999999999
relu_prior_KWCCFL.pt,14,12,0.00458108
relu_prior_P5QP0Y.pt,7,587,0.0045169
relu_prior_388J6D.pt,28,139,0.00457764
relu_prior_32W0IT.pt,7,130,0.004658439999999999
relu_prior_IE1OIK.pt,7,513,0.004503080000000002
relu_prior_VM3Q11.pt,56,541,0.00458222
relu_prior_DHWY92.pt,56,535,0.00464628
relu_prior_ZP3MXJ.pt,28,199,0.004561519999999999
relu_prior_Q4FSLG.pt,14,948,0.0045654400000000005
relu_prior_X2YD42.pt,28,207,0.0045977
relu_prior_JGTTP3.pt,7,90,0.004505079999999999
relu_prior_E0JFGP.pt,14,55,0.004520720000000001
relu_prior_F3DBAV.pt,14,434,0.004495440000000001
relu_prior_XAKAB0.pt,14,67,0.004521720000000001
relu_prior_DSSFQL.pt,28,164,0.004544600000000002
relu_prior_WZJ8HL.pt,112,84,0.004589739999999998
relu_prior_EN93P9.pt,56,1769,0.004489340000000001
relu_prior_0UYE36.pt,3,161,0.0045742000000000005
relu_prior_1QMG4W.pt,14,1413,0.004540779999999999
relu_prior_MAYT6J.pt,14,181,0.00452884
relu_prior_250MIC.pt,7,1727,0.0046133
relu_prior_YQXAR0.pt,3,133,0.004564279999999999
relu_prior_H0132Z.pt,14,105,0.00467492
relu_prior_Y8U6ET.pt,224,547,0.004590239999999999
relu_prior_GRU7XH.pt,14,97,0.00454854
relu_prior_CJYZ7M.pt,56,128,0.004488819999999999
relu_prior_8JGLHK.pt,56,831,0.004506839999999999
relu_prior_CVWZKX.pt,14,234,0.00454126
relu_prior_YKAHX0.pt,112,247,0.00463216
relu_prior_UMZ0AD.pt,7,186,0.00504382
relu_prior_S2H57B.pt,112,183,0.004678839999999999
relu_prior_Z2IYWJ.pt,1,224,0.004525359999999999
relu_prior_DV9U62.pt,112,202,0.00445388
relu_prior_VYAUU2.pt,14,93,0.004483340000000001
relu_prior_AVC7E7.pt,28,180,0.004576020000000001
relu_prior_AO4VQ9.pt,14,195,0.0045856000000000004
relu_prior_WE624S.pt,1,178,0.004504320000000001
relu_prior_CDN67X.pt,28,812,0.004563780000000001
relu_prior_31CCPF.pt,112,202,0.004491640000000002
relu_prior_L7DKDQ.pt,7,88,0.004519259999999999
relu_prior_C39D6T.pt,56,306,0.00461542
relu_prior_HRGWKP.pt,14,829,0.004572540000000001
relu_prior_9PH5QP.pt,14,855,0.0046349
relu_prior_VR0PP1.pt,14,1047,0.00455806
relu_prior_0QP03O.pt,224,132,0.004571720000000001
relu_prior_GYBP8P.pt,14,1138,0.004558860000000001
relu_prior_WF8WF8.pt,14,1145,0.00456256
relu_prior_TLN84V.pt,7,268,0.004499319999999999
relu_prior_BTJB73.pt,14,117,0.00451528
relu_prior_FT7O7G.pt,28,245,0.0046336400000000005
relu_prior_5GSS66.pt,56,207,0.00457534
relu_prior_LRA0JB.pt,28,50,0.004511740000000001
relu_prior_6B3TFF.pt,14,124,0.004571900000000001
relu_prior_Q6VJQM.pt,7,170,0.00457516
relu_prior_SOVCJZ.pt,3,160,0.004506159999999999
relu_prior_5V113K.pt,28,147,0.0045449
relu_prior_V9ILH2.pt,28,537,0.004514980000000001
relu_prior_KLIG3G.pt,56,27,0.0046557
relu_prior_LOR25W.pt,3,509,0.00459154
relu_prior_QKFJ0V.pt,28,153,0.0045623999999999994
relu_prior_T234D7.pt,28,524,0.004511640000000001
relu_prior_HFB4DI.pt,28,177,0.004575039999999999
relu_prior_1U57XS.pt,7,242,0.0050274000000000004
relu_prior_4OITR3.pt,7,794,0.00460336
relu_prior_2EA3AR.pt,28,269,0.00466878
relu_prior_A86KM1.pt,28,844,0.0045606200000000005
relu_prior_KXF7LP.pt,14,96,0.00451294
relu_prior_GP34OT.pt,14,278,0.004527239999999999
relu_prior_DV64IF.pt,14,540,0.00454768
relu_prior_L39SXM.pt,14,498,0.004558339999999999
relu_prior_P3JAG1.pt,14,133,0.004635379999999999
relu_prior_LAUO5I.pt,14,15,0.004512479999999998
relu_prior_7DJ7KK.pt,28,175,0.00464892
relu_prior_U1YLNU.pt,14,157,0.00451096
relu_prior_RJR8CK.pt,56,173,0.00503136
relu_prior_1P6HMI.pt,112,142,0.0045563600000000015
relu_prior_31R4PZ.pt,14,55,0.004554560000000001
relu_prior_GNMAFD.pt,28,116,0.00507378
relu_prior_X040NG.pt,7,1005,0.004584940000000001
relu_prior_5NMK99.pt,28,241,0.004584220000000001
relu_prior_4KEUDR.pt,3,52,0.004582880000000001
relu_prior_F8272Q.pt,28,796,0.00459538
relu_prior_DWFSSA.pt,28,43,0.00450494
relu_prior_G5LTIM.pt,112,443,0.004463420000000001
relu_prior_QFHKR1.pt,112,89,0.0046766
relu_prior_YAUPRM.pt,56,85,0.0045460200000000004
relu_prior_24D8R3.pt,14,134,0.004537780000000002
relu_prior_DURHR1.pt,28,21,0.00450772
relu_prior_KOJVWE.pt,7,263,0.0045009199999999985
relu_prior_BBJ8UX.pt,3,1255,0.0045141
relu_prior_PE49D5.pt,14,194,0.0044985
relu_prior_4NI8PK.pt,56,17,0.0045987200000000015
relu_prior_INE7JM.pt,56,511,0.004524879999999999
relu_prior_AVIBRS.pt,28,482,0.004645420000000001
relu_prior_5KNQAD.pt,3,148,0.0045594
relu_prior_4FFME0.pt,14,91,0.004519479999999999
relu_prior_8FX2XQ.pt,56,469,0.004534000000000001
relu_prior_M3S75V.pt,112,26,0.00452868
relu_prior_9WEYQJ.pt,14,227,0.0045252
relu_prior_WW89P8.pt,56,187,0.00461456
relu_prior_UUL4BP.pt,56,243,0.00464964
relu_prior_FKMUE7.pt,112,989,0.004531960000000001
relu_prior_ITM1RD.pt,14,312,0.004550019999999999
relu_prior_NFPHQQ.pt,14,228,0.0045095199999999995
relu_prior_TRUD30.pt,224,54,0.004591060000000001
relu_prior_XAX4FC.pt,14,513,0.00461746
relu_prior_WUZTIZ.pt,28,175,0.004565639999999999
relu_prior_B8PSMN.pt,224,167,0.004622620000000001
relu_prior_DUYW30.pt,28,7,0.00451686
relu_prior_WOECTJ.pt,14,233,0.0046380399999999995
relu_prior_BD7JG0.pt,112,128,0.005193520000000002
relu_prior_XP48V8.pt,112,164,0.0046003599999999995
relu_prior_ZNMPCG.pt,14,164,0.0045420799999999996
relu_prior_Z8X1H4.pt,7,498,0.00461818
relu_prior_DB0OH9.pt,7,313,0.004575340000000001
relu_prior_IGHQAQ.pt,28,189,0.004641560000000001
relu_prior_NODUC2.pt,14,145,0.004691460000000001
relu_prior_79K75S.pt,14,115,0.004592540000000001
relu_prior_KWACPC.pt,28,143,0.004559959999999999
relu_prior_7KL979.pt,3,1381,0.004473639999999999
relu_prior_NJ5M8K.pt,112,495,0.004564800000000001
relu_prior_9QG52H.pt,56,119,0.004556040000000001
relu_prior_BIN8T5.pt,14,68,0.004510000000000001
relu_prior_MXYFRY.pt,7,1278,0.004486380000000001
relu_prior_3EV1XJ.pt,56,158,0.0047249399999999995
relu_prior_E3SHWG.pt,14,263,0.004562720000000001
relu_prior_8K1IMN.pt,28,448,0.00456308
relu_prior_5I8PQP.pt,14,205,0.00458774
relu_prior_MPGECW.pt,112,131,0.004656759999999999
relu_prior_C8MMA1.pt,3,1011,0.004634299999999999
relu_prior_ISQ0WA.pt,112,79,0.004675060000000001
relu_prior_UXC7U3.pt,14,242,0.00450094
relu_prior_L2XWQW.pt,28,12,0.004519219999999999
relu_prior_7CHRL0.pt,1,232,0.00460518
relu_prior_Q07IAE.pt,14,418,0.0049479
relu_prior_FI2M07.pt,14,164,0.00495246
relu_prior_YK3WK6.pt,56,199,0.004601399999999999
relu_prior_JL6VMJ.pt,56,31,0.004566979999999999
relu_prior_PWE4N6.pt,14,1174,0.0045806000000000015
relu_prior_XP23EZ.pt,56,65,0.004569280000000002
relu_prior_MHE53Y.pt,224,57,0.0045254000000000015
relu_prior_X99Q4W.pt,112,971,0.004561400000000001
relu_prior_Z80MH0.pt,14,271,0.004489
relu_prior_2IQ7CH.pt,56,43,0.0045539000000000005
relu_prior_Y0LHT3.pt,56,240,0.004579379999999999
relu_prior_46WEMC.pt,14,484,0.0045414
relu_prior_3RQMCL.pt,14,106,0.0045004200000000015
relu_prior_QUYBTU.pt,14,29,0.0045020600000000004
relu_prior_ASWB8O.pt,56,526,0.004588200000000001
relu_prior_KKECSR.pt,56,255,0.00452506
relu_prior_D40117.pt,56,138,0.00454444
relu_prior_Q9OC9D.pt,112,527,0.00447066
relu_prior_UF6NSJ.pt,7,176,0.004523060000000001
relu_prior_0W5K6J.pt,14,428,0.00451572
relu_prior_D7D56R.pt,56,61,0.00454604
relu_prior_O06KPO.pt,28,2043,0.0045473000000000015
relu_prior_OYMUTD.pt,14,183,0.004548439999999999
relu_prior_CUHGSL.pt,28,791,0.004599520000000001
relu_prior_T6PR47.pt,14,32,0.00455246
relu_prior_YWQAMZ.pt,7,52,0.0044882
relu_prior_JU2K9O.pt,56,324,0.004563320000000001
relu_prior_DUC5OX.pt,14,27,0.004526399999999999
relu_prior_OY68I1.pt,14,513,0.00452894
relu_prior_QVOGT0.pt,14,157,0.004637640000000001
relu_prior_O1ASJJ.pt,1,525,0.0044662999999999994
relu_prior_2U3M4R.pt,14,135,0.004603059999999997
relu_prior_IF7GWN.pt,14,219,0.0045686599999999996
relu_prior_C95N4S.pt,14,269,0.0045474
relu_prior_53RRBY.pt,28,109,0.0045874800000000006
relu_prior_CV9O61.pt,112,541,0.0045227800000000005
relu_prior_RV7M92.pt,14,498,0.004501799999999999
relu_prior_XUQFSF.pt,14,781,0.004571179999999999
relu_prior_STUPQE.pt,112,187,0.004576019999999999
relu_prior_W7G6U8.pt,28,211,0.004565139999999999
relu_prior_SUUTQD.pt,224,101,0.004514459999999999
relu_prior_18I4TC.pt,112,214,0.00458504
relu_prior_TQSMIH.pt,14,921,0.0046357199999999986
relu_prior_ZGR47U.pt,14,86,0.004510500000000001
relu_prior_FA6YWW.pt,14,993,0.0045783
relu_prior_O4HZ1H.pt,28,65,0.004594179999999998
relu_prior_CLJNNM.pt,14,82,0.00451436
relu_prior_MHYN82.pt,112,6,0.0045598999999999995
relu_prior_LH9E28.pt,112,981,0.00454546
relu_prior_37F9DZ.pt,56,181,0.00459652
relu_prior_BCDP5C.pt,1,96,0.004509159999999999
relu_prior_R46UTW.pt,56,11,0.004527079999999999
relu_prior_WEVAMX.pt,28,191,0.004568719999999999
relu_prior_NUHRW7.pt,112,80,0.004651920000000001
relu_prior_BDKSKX.pt,14,211,0.004525260000000001
relu_prior_J5DGJI.pt,28,132,0.004550639999999998
relu_prior_BBVGRM.pt,56,457,0.0045513
relu_prior_7ROP4P.pt,28,1002,0.004629880000000001
relu_prior_Z3BZFV.pt,14,29,0.0045138800000000005
relu_prior_WIXZDC.pt,28,1185,0.00455998
relu_prior_4TVBS6.pt,28,1246,0.0045822400000000004
relu_prior_ZNS4QN.pt,56,650,0.004527
relu_prior_EY6JF6.pt,14,149,0.00449956
relu_prior_RHFJVH.pt,7,71,0.004534859999999999
relu_prior_JKHYJF.pt,7,135,0.004498900000000001
relu_prior_L31W2H.pt,7,28,0.004528240000000002
relu_prior_REICJG.pt,14,136,0.00449948
relu_prior_0110N0.pt,28,507,0.004520220000000001
relu_prior_WO94KY.pt,56,117,0.0044591000000000006
relu_prior_APVBUY.pt,56,11,0.0050682600000000015
relu_prior_S75TZL.pt,56,443,0.0045435200000000005
relu_prior_DAW9LV.pt,14,146,0.004523059999999999
relu_prior_KHQF6C.pt,56,114,0.0045828200000000005
relu_prior_P5YQXG.pt,56,98,0.004464080000000001
relu_prior_RSUG3U.pt,112,138,0.004792740000000002
relu_prior_72N78J.pt,28,1521,0.00457974
relu_prior_Q8VN6M.pt,56,161,0.00456838
relu_prior_7UY82I.pt,14,45,0.0046482
relu_prior_NHEL1J.pt,14,209,0.004517340000000001
relu_prior_70L89N.pt,28,218,0.0045921600000000005
relu_prior_LOY4C3.pt,56,91,0.004500220000000002
relu_prior_84CN15.pt,14,197,0.004557639999999999
relu_prior_96I7I5.pt,56,81,0.00467214
relu_prior_LGYCMV.pt,112,271,0.00451536
relu_prior_OEQZG0.pt,7,1023,0.00454184
relu_prior_GMG5LK.pt,56,12,0.004545120000000001
relu_prior_HBGBJO.pt,112,156,0.00452746
relu_prior_QWY07K.pt,14,245,0.004578660000000001
relu_prior_WNH8IH.pt,14,139,0.004592659999999998
relu_prior_9FY8YL.pt,56,208,0.0045844200000000005
relu_prior_VVYARR.pt,14,77,0.004495259999999998
relu_prior_7JFJUT.pt,56,246,0.0045645600000000005
relu_prior_G6ESJE.pt,7,139,0.00455606
relu_prior_3BOBRT.pt,28,1016,0.004578399999999999
relu_prior_G8EFOI.pt,56,51,0.004583319999999998
relu_prior_MDUKM2.pt,14,231,0.004583459999999999
relu_prior_ITRJ0C.pt,14,18,0.004556760000000001
relu_prior_XKJWSP.pt,7,263,0.00449482
relu_prior_50I3UC.pt,14,142,0.004574799999999999
relu_prior_AAK8OY.pt,14,70,0.004519459999999999
relu_prior_S8IPBC.pt,1,147,0.004539980000000001
relu_prior_EPSBVM.pt,7,241,0.004536199999999999
relu_prior_GUNKQB.pt,112,119,0.004570799999999999
relu_prior_4L04F0.pt,56,509,0.004567820000000002
relu_prior_8BNFVV.pt,14,74,0.004572239999999998
relu_prior_N0KWKL.pt,14,138,0.005048499999999999
relu_prior_SJ8XYF.pt,14,169,0.00451922
relu_prior_406WDP.pt,14,192,0.0046995000000000006
relu_prior_7OLXXR.pt,14,192,0.004644899999999999
relu_prior_T1ENFH.pt,14,104,0.004541560000000002
relu_prior_JU3E37.pt,112,154,0.004563640000000001
relu_prior_LR3E8J.pt,14,772,0.004687359999999999
relu_prior_FQ7DT5.pt,14,180,0.004554859999999999
relu_prior_NA4651.pt,14,41,0.004528420000000001
relu_prior_F7TE2V.pt,14,975,0.004716100000000001
relu_prior_0P83Q2.pt,112,39,0.004616739999999999
relu_prior_6CL8H9.pt,7,97,0.004556599999999999
relu_prior_O1R3F6.pt,56,109,0.0045975799999999995
relu_prior_HT009I.pt,7,506,0.00453074
relu_prior_O18VMR.pt,14,1145,0.004586819999999998
relu_prior_W46K0O.pt,28,261,0.00456696
relu_prior_I8BYMB.pt,56,86,0.00450822
relu_prior_6V0X3M.pt,14,504,0.004564020000000001
relu_prior_Y79IVZ.pt,112,57,0.004565039999999999
relu_prior_AN00BC.pt,56,572,0.004548079999999999
relu_prior_XNUGPG.pt,112,1018,0.00456052
relu_prior_YS6L6T.pt,28,532,0.00456892
relu_prior_8CKNHI.pt,7,863,0.004539379999999999
relu_prior_PAFIP9.pt,56,1191,0.004564559999999999
relu_prior_WDPC72.pt,28,241,0.004579939999999999
relu_prior_JM29UP.pt,56,144,0.0044604
relu_prior_HUID4I.pt,28,1188,0.004538479999999999
relu_prior_XJ2UWC.pt,14,15,0.005024980000000001
relu_prior_23H3T5.pt,1,507,0.00450644
relu_prior_L9J60W.pt,28,21,0.0045114199999999995
relu_prior_9YYY6D.pt,56,894,0.004552559999999999
relu_prior_IJM909.pt,28,60,0.00450206
relu_prior_68MR0I.pt,28,96,0.0045143599999999985
relu_prior_WORXDS.pt,112,390,0.00454026
relu_prior_FOZHY2.pt,7,941,0.00463826
relu_prior_5G1EZQ.pt,14,465,0.00451796
relu_prior_CNZMA8.pt,7,10,0.0045590599999999985
relu_prior_F08ZEG.pt,14,2030,0.00446156
relu_prior_T5W9US.pt,7,149,0.004522140000000001
relu_prior_U1JJI9.pt,7,524,0.00451568
relu_prior_SJX60V.pt,56,211,0.004527340000000001
relu_prior_NRPEM4.pt,112,261,0.00457866
relu_prior_9Y1W6M.pt,14,527,0.0045151
relu_prior_BBZO0X.pt,112,48,0.005045299999999999
relu_prior_N4HSHL.pt,7,79,0.0044944799999999995
relu_prior_UE3DKO.pt,112,60,0.004590080000000001
relu_prior_E3Z2CC.pt,28,4,0.0044836400000000005
relu_prior_AWIAQO.pt,56,179,0.0045876400000000005
relu_prior_G4VG8P.pt,28,1229,0.00457336
relu_prior_9R5GAA.pt,1,995,0.004526520000000001
relu_prior_5AGU1K.pt,56,1264,0.0044989999999999995
relu_prior_6KCRG6.pt,14,155,0.004555400000000001
relu_prior_A9R79V.pt,28,1187,0.0045773800000000016
relu_prior_JPF2J0.pt,3,884,0.0045403
relu_prior_P6GQ9E.pt,28,245,0.0046793
relu_prior_Q8VB3P.pt,56,130,0.004550979999999999
relu_prior_QF6QKA.pt,14,442,0.00454734
relu_prior_RLBMPU.pt,56,245,0.0045778
relu_prior_SOCL02.pt,7,100,0.004506079999999999
relu_prior_2QQZPL.pt,14,117,0.00452122
relu_prior_MS9RWQ.pt,56,515,0.0045348199999999984
relu_prior_XYL3A9.pt,7,25,0.004508520000000001
relu_prior_GX6HWE.pt,56,324,0.00455458
relu_prior_DWZ3B2.pt,28,72,0.00450372
relu_prior_J3ARCG.pt,112,89,0.004581359999999999
relu_prior_AYBHU4.pt,14,25,0.00455046
relu_prior_GVQOMK.pt,28,1420,0.00457314
relu_prior_G9UHL4.pt,14,443,0.004524220000000002
relu_prior_QBIHNP.pt,7,542,0.00449822
relu_prior_XDIQAE.pt,14,170,0.004492659999999999
relu_prior_W3PO88.pt,7,108,0.004557359999999999
relu_prior_VFJ4JW.pt,14,127,0.004541599999999999
relu_prior_CDLD6G.pt,28,101,0.004495140000000002
relu_prior_J9VAFE.pt,7,21,0.0051166200000000005
relu_prior_7IZ89A.pt,7,522,0.0045489
relu_prior_64QGRU.pt,56,249,0.004566699999999998
relu_prior_4AH6PC.pt,56,132,0.00450234
relu_prior_NR7P8R.pt,7,87,0.00451598
relu_prior_DOSPDW.pt,28,48,0.00461232
relu_prior_EO2UXE.pt,14,143,0.004559520000000001
relu_prior_42WGAK.pt,14,525,0.004631400000000001
relu_prior_GDUN42.pt,56,518,0.0044993
relu_prior_603F1U.pt,3,828,0.004513420000000001
relu_prior_O9NTFE.pt,7,125,0.0044984
relu_prior_TAQQY4.pt,14,268,0.004565659999999999
relu_prior_3SYJYJ.pt,56,100,0.00449926
relu_prior_ZV0RXW.pt,14,127,0.00453684
relu_prior_ZHRUED.pt,112,739,0.0044522599999999996
relu_prior_9PQBB2.pt,28,173,0.00457396
relu_prior_Z3FEVE.pt,7,843,0.00450094
relu_prior_YKDJMI.pt,14,48,0.00454298
relu_prior_BL32BE.pt,56,134,0.004450460000000001
relu_prior_9KQKZN.pt,14,271,0.00449076
relu_prior_QYKU9R.pt,112,15,0.004646559999999999
relu_prior_XW6QGD.pt,14,526,0.0045247
relu_prior_2XKT27.pt,14,30,0.004529080000000001
relu_prior_ETKOHL.pt,28,540,0.004471600000000002
relu_prior_T60SFS.pt,112,521,0.004676280000000001
relu_prior_TEKL3G.pt,14,514,0.004535279999999999
relu_prior_HG5SBL.pt,112,126,0.0046168400000000005
relu_prior_H0DEUT.pt,7,528,0.00452128
relu_prior_2VWNY5.pt,7,436,0.004506360000000001
relu_prior_KQJ6WW.pt,28,193,0.004585079999999999
relu_prior_N5ZO2U.pt,14,166,0.00453206
relu_prior_3HTH24.pt,7,115,0.004526999999999999
relu_prior_59DBMV.pt,14,1610,0.004501020000000002
relu_prior_8L8QLD.pt,112,1152,0.00458092
relu_prior_Q2Y7LM.pt,14,992,0.00460674
relu_prior_2JGIKR.pt,14,492,0.0045618
relu_prior_EIFLD7.pt,7,137,0.00457836
relu_prior_SXVYQO.pt,112,521,0.004517299999999999
relu_prior_W9K7SM.pt,28,960,0.0046824
relu_prior_H3Y4MM.pt,14,68,0.004493900000000001
relu_prior_LIAFKN.pt,28,207,0.004705020000000001
relu_prior_I4HKUU.pt,14,115,0.0046099999999999995
relu_prior_XE3AKD.pt,28,141,0.004588439999999999
relu_prior_KN8FKL.pt,7,18,0.00452212
relu_prior_LDHE7F.pt,14,157,0.004513960000000001
relu_prior_1QGVWQ.pt,14,493,0.0045122800000000005
relu_prior_0X8V61.pt,14,103,0.004537060000000001
relu_prior_HCU5L7.pt,7,1498,0.004524459999999999
relu_prior_SWCUNH.pt,14,32,0.004503139999999999
relu_prior_8I0ILW.pt,112,1014,0.004592680000000001
relu_prior_HNXTB5.pt,28,690,0.00457826
relu_prior_8ZP32V.pt,14,153,0.00452348
relu_prior_BP4QOT.pt,28,530,0.004460220000000002
relu_prior_DCN53H.pt,56,98,0.00454544
relu_prior_9M0JKD.pt,28,513,0.00454446
relu_prior_H18PHY.pt,56,454,0.004537459999999999
relu_prior_KQBNQS.pt,56,90,0.00451708
relu_prior_SXM60T.pt,112,30,0.004589100000000001
relu_prior_Q2JCXX.pt,7,249,0.004623540000000001
relu_prior_KV3TQS.pt,14,457,0.004525020000000001
relu_prior_8APNKU.pt,14,52,0.0045072
relu_prior_ULB47B.pt,14,245,0.00455366
relu_prior_9SOE54.pt,14,154,0.004588159999999998
relu_prior_D4C32Y.pt,56,37,0.004565699999999999
relu_prior_19XQCU.pt,28,239,0.00457644
relu_prior_SHS6ZL.pt,3,3,0.00457294
relu_prior_PP0J9L.pt,56,222,0.00471782
relu_prior_1411DT.pt,14,22,0.00452736
relu_prior_1PVZ6D.pt,14,490,0.00459068
relu_prior_7BFX21.pt,56,513,0.004554980000000001
relu_prior_D8JIE8.pt,28,307,0.004526879999999999
relu_prior_WPDYJN.pt,224,160,0.004579539999999998
relu_prior_0MIDGY.pt,28,1183,0.004573000000000001
relu_prior_JBRA63.pt,14,503,0.00452642
relu_prior_Z7ASES.pt,7,116,0.0045397599999999995
relu_prior_YI9DN0.pt,112,168,0.004547019999999999
relu_prior_KLH9L6.pt,14,67,0.004507060000000001
relu_prior_6L0C0P.pt,28,73,0.0045118200000000015
relu_prior_X914M5.pt,28,95,0.004520040000000001
relu_prior_IYQAY3.pt,7,151,0.004575359999999999
relu_prior_8LXKEF.pt,112,826,0.004427980000000001
relu_prior_LX9OAI.pt,28,207,0.00459776
relu_prior_RJKA7F.pt,56,504,0.004717260000000002
relu_prior_R0WQ7R.pt,56,96,0.0045146000000000006
relu_prior_A9I58G.pt,56,1021,0.004537200000000001
relu_prior_GS8X6D.pt,112,46,0.004719260000000001
relu_prior_BITLMV.pt,28,806,0.004592240000000001
relu_prior_0HO0QV.pt,14,183,0.00451752
relu_prior_H7XNLH.pt,14,31,0.00448258
relu_prior_R2KIQP.pt,56,12,0.004562520000000001
relu_prior_7DC7UM.pt,28,112,0.0045274400000000015
relu_prior_9LTTZJ.pt,14,27,0.00449708
relu_prior_8V82L0.pt,7,550,0.004502420000000001
relu_prior_G9KPGG.pt,14,75,0.0045801800000000005
relu_prior_0IEHZX.pt,1,941,0.004605819999999999
relu_prior_4LNUMM.pt,56,66,0.004551679999999999
relu_prior_YO54D4.pt,224,415,0.004552140000000001
relu_prior_ZP7WXM.pt,14,398,0.0044938
relu_prior_AKJV2Z.pt,28,510,0.004506619999999999
relu_prior_J8QIXH.pt,14,506,0.004516379999999999
relu_prior_EKQW0K.pt,14,475,0.0045555000000000005
relu_prior_G0I8D2.pt,7,2109,0.005208860000000002
relu_prior_IB5GU7.pt,56,1547,0.004556599999999998
relu_prior_BHDKGG.pt,7,163,0.00451504
relu_prior_FJWH7B.pt,14,136,0.00458394
relu_prior_ERN4QN.pt,3,261,0.0045611800000000015
relu_prior_JRVOKJ.pt,14,694,0.004556879999999998
relu_prior_9D8UEQ.pt,3,103,0.0045200000000000014
relu_prior_SPMJ5R.pt,28,78,0.00457146
relu_prior_RTX5RG.pt,14,517,0.004588779999999999
relu_prior_OQYYET.pt,7,99,0.0044890799999999995
relu_prior_3RCRV9.pt,56,223,0.0046376
relu_prior_0J08CM.pt,28,45,0.0045546599999999994
relu_prior_V8VNIB.pt,28,532,0.004473259999999999
relu_prior_7R7WB2.pt,14,767,0.00457958
relu_prior_66KG73.pt,7,133,0.004552299999999999
relu_prior_T7T40R.pt,7,1250,0.004539759999999999
relu_prior_QZ1HIF.pt,28,793,0.004565639999999999
relu_prior_B5SG2O.pt,14,217,0.0045277600000000005
relu_prior_YLYHVU.pt,28,98,0.00455234
relu_prior_JAWBXB.pt,14,1608,0.00448694
relu_prior_SAVFZY.pt,7,55,0.004518880000000001
relu_prior_M6L299.pt,56,1809,0.004482500000000001
relu_prior_0TTFZL.pt,28,55,0.00451462
relu_prior_ECJFI6.pt,14,18,0.004491
relu_prior_L9T7A4.pt,28,441,0.004522659999999999
relu_prior_YRDN2U.pt,14,222,0.00456574
relu_prior_QIKYZ5.pt,7,92,0.004554299999999999
relu_prior_AARB7S.pt,28,195,0.00459282
relu_prior_V9I0DI.pt,112,199,0.004489560000000001
relu_prior_93TNGO.pt,112,62,0.0045950999999999995
relu_prior_NJXJ4V.pt,28,201,0.0046700199999999996
relu_prior_89WTFQ.pt,1,248,0.0045673599999999995
relu_prior_4YXRF9.pt,56,599,0.0046099800000000005
relu_prior_HGZWRG.pt,14,775,0.00458176
relu_prior_07YI18.pt,28,103,0.00454542
relu_prior_6F1GVS.pt,28,233,0.004565700000000001
relu_prior_HIFLIJ.pt,14,775,0.004575600000000002
relu_prior_H1M23M.pt,112,266,0.00454908
relu_prior_JMCS0D.pt,28,1070,0.0045493800000000004
relu_prior_WC1C3T.pt,3,475,0.00453646
relu_prior_B1I1CS.pt,224,936,0.0046208399999999985
relu_prior_S79VSI.pt,56,192,0.004593999999999999
relu_prior_X27BVH.pt,14,236,0.004521519999999999
relu_prior_CJV69L.pt,28,117,0.0045051200000000005
relu_prior_FI6M1Y.pt,14,67,0.004498080000000001
relu_prior_YIB38D.pt,28,125,0.0045358199999999994
relu_prior_97N1SW.pt,14,253,0.004552819999999999
relu_prior_IZE7D9.pt,14,799,0.00457156
relu_prior_XUW8YC.pt,28,114,0.0045048399999999995
relu_prior_YOYZMJ.pt,3,501,0.004461379999999999
relu_prior_X9V7W8.pt,14,54,0.00454836
relu_prior_B7FXEW.pt,28,86,0.004501860000000001
relu_prior_LZKS4X.pt,28,254,0.004661719999999999
relu_prior_P3PZXI.pt,7,691,0.00453468
relu_prior_2L510L.pt,14,401,0.004555039999999999
relu_prior_NF4UNP.pt,28,516,0.004456180000000001
relu_prior_80EBD6.pt,28,116,0.00455436
relu_prior_8XKWJS.pt,7,224,0.004507260000000002
relu_prior_EEGU12.pt,28,272,0.004520940000000002
relu_prior_CAACTX.pt,14,128,0.004903480000000001
relu_prior_KT8DS4.pt,14,86,0.004589480000000001
relu_prior_SJD1UD.pt,28,496,0.00455356
relu_prior_E6QI9S.pt,7,121,0.004567399999999999
relu_prior_D35032.pt,3,1017,0.00454856
relu_prior_QJY6RC.pt,14,50,0.0045141800000000004
relu_prior_XWM4I7.pt,28,2023,0.004522959999999999
relu_prior_HRWA99.pt,28,97,0.0045276199999999996
relu_prior_NY2ZN9.pt,56,66,0.00463048
relu_prior_E70T4K.pt,28,113,0.004528779999999997
relu_prior_CNGPYZ.pt,7,210,0.004517220000000001
relu_prior_JOUT7B.pt,14,1338,0.00458286
relu_prior_0M13H3.pt,14,79,0.0045341999999999995
relu_prior_YXV3DD.pt,7,96,0.004513479999999999
relu_prior_VAJONU.pt,56,265,0.004509499999999999
relu_prior_E36WQB.pt,28,307,0.004565359999999999
relu_prior_EXC4QM.pt,14,161,0.004519039999999998
relu_prior_6XMGQG.pt,28,1099,0.0045667400000000006
relu_prior_BA6XCF.pt,14,124,0.004526659999999999
relu_prior_VG0MTS.pt,14,183,0.004562899999999999
relu_prior_U73K3K.pt,14,818,0.004613879999999998
relu_prior_TYKEE1.pt,28,183,0.00455738
relu_prior_RGSDMB.pt,112,64,0.004567879999999999
relu_prior_VDT8CF.pt,28,270,0.004581860000000001
relu_prior_9DYWJD.pt,7,980,0.0045905
relu_prior_SQ3OTD.pt,14,218,0.0045169599999999996
relu_prior_YJQP8P.pt,56,61,0.0046108600000000005
relu_prior_XORU9W.pt,14,101,0.004514639999999999
relu_prior_60G73F.pt,3,847,0.005012659999999999
relu_prior_PZACSK.pt,28,568,0.004509899999999998
relu_prior_8HY7RL.pt,28,29,0.00454424
relu_prior_987WJ5.pt,14,37,0.004524879999999999
relu_prior_100J1M.pt,28,39,0.0045685199999999995
relu_prior_LB6BJQ.pt,14,407,0.004600359999999999
relu_prior_QHS5FW.pt,14,1002,0.00459648
relu_prior_8UW238.pt,14,339,0.004533240000000001
relu_prior_BZX7XT.pt,28,1171,0.004504499999999998
relu_prior_DMQWRB.pt,28,107,0.00450462
relu_prior_NFBTQ6.pt,28,184,0.004589960000000001
relu_prior_PTANSK.pt,56,133,0.00452604
relu_prior_JVA1JI.pt,112,55,0.004578940000000001
relu_prior_Q7EGJR.pt,7,528,0.004474700000000001
relu_prior_NXMVAK.pt,14,38,0.004546739999999998
relu_prior_XY2XU9.pt,14,675,0.004558639999999998
relu_prior_FF4VMM.pt,56,170,0.004601539999999998
relu_prior_TA82IK.pt,28,521,0.0045318400000000005
relu_prior_Q2HSTJ.pt,28,123,0.00452398
relu_prior_Q19CIM.pt,28,93,0.004510800000000001
relu_prior_7GLB75.pt,7,296,0.004513759999999999
relu_prior_QHN1JY.pt,7,223,0.004649940000000001
relu_prior_ANSKRL.pt,56,1003,0.0045473000000000015
relu_prior_XG1QCD.pt,14,262,0.004534799999999999
relu_prior_VBIWDX.pt,14,167,0.004508220000000001
relu_prior_OQZE5T.pt,3,150,0.0046068
relu_prior_D2A4FR.pt,28,46,0.00452904
relu_prior_8LH9KT.pt,224,309,0.00463584
relu_prior_19ZRPK.pt,28,271,0.004526980000000001
relu_prior_ZN9G4T.pt,112,114,0.0045581599999999995
relu_prior_PG0X6P.pt,7,159,0.00453232
relu_prior_M9MPA1.pt,112,224,0.00459908
relu_prior_PSMSV1.pt,56,1681,0.0045283400000000005
relu_prior_76DF6Y.pt,7,443,0.0045230999999999995
relu_prior_L7SPGN.pt,14,270,0.004565400000000001
relu_prior_UA2L2X.pt,14,91,0.0045089200000000005
relu_prior_7JG479.pt,14,79,0.004679099999999999
relu_prior_DVEFKW.pt,7,792,0.004543720000000001
relu_prior_CQSDOY.pt,112,146,0.004523160000000001
relu_prior_6HSNGT.pt,3,572,0.004473080000000001
relu_prior_TKSXAN.pt,112,107,0.0045527
relu_prior_2X7GQP.pt,14,185,0.004563160000000002
relu_prior_E17L2G.pt,14,135,0.004483599999999999
relu_prior_NYGRK1.pt,7,697,0.004509379999999999
relu_prior_D014D7.pt,14,115,0.0045303800000000005
relu_prior_U38KNL.pt,1,167,0.004543
relu_prior_GVG0W5.pt,14,500,0.00467156
relu_prior_M750NG.pt,56,1327,0.004540399999999999
relu_prior_11K8HI.pt,7,24,0.00455962
relu_prior_JSMYXW.pt,112,127,0.004530760000000002
relu_prior_202QG4.pt,56,101,0.004476479999999999
relu_prior_597PP3.pt,7,42,0.0045148
relu_prior_Q3N0E5.pt,28,53,0.004524299999999999
relu_prior_JHOEXG.pt,14,20,0.004498899999999999
relu_prior_YGGD75.pt,14,512,0.004741939999999999
relu_prior_J9B6JO.pt,7,236,0.004525099999999999
relu_prior_YA88Y9.pt,56,54,0.00450228
relu_prior_G651YA.pt,14,760,0.004584219999999999
relu_prior_AKQG1F.pt,14,573,0.004557640000000001
relu_prior_ANNV9S.pt,14,691,0.00455884
relu_prior_QPMXTO.pt,14,480,0.004551499999999999
relu_prior_RSLQJA.pt,28,72,0.0045237
relu_prior_C4B0MI.pt,14,49,0.004515
relu_prior_Q6192V.pt,14,43,0.0045696800000000004
relu_prior_TEAYJJ.pt,7,535,0.004567460000000001
relu_prior_2SEA4E.pt,14,120,0.004495400000000001
relu_prior_KPJESN.pt,14,83,0.00451112
relu_prior_0RAUFU.pt,14,78,0.004543159999999999
relu_prior_DPCRV4.pt,14,245,0.0045168
relu_prior_RDL2PP.pt,112,243,0.0045792800000000015
relu_prior_Y27DQJ.pt,28,130,0.0046283999999999995
relu_prior_6TELQG.pt,14,252,0.004578379999999998
relu_prior_SJ7T8D.pt,14,129,0.004598600000000001
relu_prior_7HY7S6.pt,28,174,0.004534679999999999
relu_prior_B53OIO.pt,56,484,0.004564200000000002
relu_prior_3YK0OP.pt,3,39,0.00448566
relu_prior_VPRDTD.pt,28,1455,0.00455372
relu_prior_V3OU56.pt,28,428,0.0045073199999999996
relu_prior_NOE9BF.pt,14,925,0.00466442
relu_prior_5EMYA6.pt,14,196,0.0044848200000000005
relu_prior_274RTV.pt,112,495,0.00455572
relu_prior_8ETL9B.pt,14,65,0.004514859999999999
relu_prior_RY97ZC.pt,7,1001,0.004572519999999999
relu_prior_K0RYGL.pt,28,442,0.00463328
relu_prior_69OM9U.pt,14,145,0.004526
relu_prior_TAR56M.pt,224,481,0.00456174
relu_prior_HND4QH.pt,28,519,0.004506979999999999
relu_prior_JZBRMI.pt,28,163,0.00458136
relu_prior_03TKKB.pt,112,222,0.00457478
relu_prior_CZB3VE.pt,14,978,0.004574860000000001
relu_prior_OAU51Z.pt,28,233,0.004561519999999999
relu_prior_COZ2Y6.pt,14,46,0.0045214600000000015
relu_prior_C9FECI.pt,7,95,0.00451852
relu_prior_3VTJBH.pt,14,1008,0.0045445400000000006
relu_prior_9TCJ42.pt,28,188,0.0045776800000000015
relu_prior_YRYXQW.pt,56,446,0.00453702
relu_prior_5TM12N.pt,14,297,0.0045724799999999986
relu_prior_FZQAB2.pt,7,542,0.0045352000000000005
relu_prior_P8QN1R.pt,14,541,0.00451114
relu_prior_P4JTG6.pt,7,121,0.0044874599999999995
relu_prior_06N800.pt,56,197,0.0046298599999999995
relu_prior_3O1F5F.pt,56,525,0.00458266
relu_prior_PKJO27.pt,14,122,0.004467919999999999
relu_prior_F31RVY.pt,56,1022,0.004613400000000001
relu_prior_SLM1EM.pt,28,2009,0.00454654
relu_prior_SAYJ1T.pt,112,134,0.004569719999999999
relu_prior_U9HKRM.pt,14,76,0.00519664
relu_prior_5A66BF.pt,7,169,0.004612360000000001
relu_prior_0AVRRR.pt,56,56,0.004579099999999999
relu_prior_U83TJN.pt,14,520,0.00455254
relu_prior_66UJNH.pt,14,857,0.004544399999999999
relu_prior_6QW79N.pt,28,212,0.0045621199999999985
relu_prior_KP1V0G.pt,56,173,0.0045879399999999996
relu_prior_XR7PKW.pt,28,209,0.0045888000000000005
relu_prior_RADEQ1.pt,14,987,0.004571500000000001
relu_prior_DXGQHA.pt,14,165,0.00449596
relu_prior_RF4PZN.pt,56,946,0.00456914
relu_prior_PAI2VG.pt,7,462,0.00451736
relu_prior_Y1546D.pt,7,198,0.00476122
relu_prior_7MK51Y.pt,112,159,0.00458274
relu_prior_O71BOG.pt,14,129,0.00454076
relu_prior_2RTDJD.pt,28,191,0.004590320000000001
relu_prior_105CQU.pt,28,507,0.004510860000000001
relu_prior_SV7BWU.pt,56,213,0.0045588600000000005
relu_prior_FDRK5H.pt,14,212,0.004663780000000001
relu_prior_HAEZXR.pt,14,50,0.004565139999999999
relu_prior_6XIYQS.pt,7,506,0.00454134
relu_prior_JFQ6ZP.pt,14,203,0.00456974
relu_prior_P60WJA.pt,7,202,0.004540260000000001
relu_prior_J7EWLT.pt,14,219,0.004553020000000001
relu_prior_CBF1JG.pt,7,181,0.00448398
relu_prior_P2MURN.pt,112,182,0.00455504
relu_prior_CC7TL3.pt,224,40,0.0046018000000000005
relu_prior_ZMVG4C.pt,7,1776,0.00459308
relu_prior_81MZC2.pt,28,47,0.004530439999999999
relu_prior_UWOCNG.pt,7,1940,0.004511800000000001
relu_prior_RLAR9V.pt,28,525,0.00450008
relu_prior_3AMMUP.pt,14,506,0.004619500000000001
relu_prior_D3PP6S.pt,28,538,0.004526980000000001
relu_prior_TYD1D1.pt,28,9,0.004508120000000001
relu_prior_8FX8HO.pt,14,533,0.004508759999999999
relu_prior_HGNNZ0.pt,14,489,0.00452586
relu_prior_AYZDSW.pt,14,225,0.004484559999999999
relu_prior_UOF3IX.pt,112,411,0.00505284
relu_prior_3EU0PJ.pt,14,105,0.005007620000000002
relu_prior_DOGSB3.pt,14,2008,0.004568460000000002
relu_prior_1Y4TTX.pt,56,269,0.00456958
relu_prior_CX9XLF.pt,7,14,0.00451862
relu_prior_SE7VUT.pt,7,121,0.0045414999999999995
relu_prior_M54J9W.pt,112,76,0.0045987400000000005
relu_prior_1867CQ.pt,14,226,0.004638299999999999
relu_prior_DZ4TES.pt,28,250,0.004561599999999999
relu_prior_625DU5.pt,56,49,0.004575199999999999
relu_prior_HD4UM3.pt,56,214,0.004584359999999999
relu_prior_TADOLM.pt,112,845,0.004583839999999999
relu_prior_5GWW6Z.pt,14,536,0.0046235799999999995
relu_prior_P8R1OT.pt,14,537,0.0045687
relu_prior_11S69W.pt,28,760,0.004695080000000001
relu_prior_DOVY4Z.pt,14,204,0.00449168
relu_prior_Q0IHOF.pt,7,763,0.00462168
relu_prior_CB9HLR.pt,56,486,0.004573640000000001
relu_prior_POY09I.pt,14,365,0.004528839999999999
relu_prior_NAP8ZV.pt,56,207,0.00457044
relu_prior_I43JXF.pt,14,523,0.0045241000000000005
relu_prior_911JAK.pt,28,26,0.004669400000000001
relu_prior_D1Y9P7.pt,14,107,0.004488119999999999
relu_prior_AB39IR.pt,28,38,0.00453756
relu_prior_FZE7I7.pt,56,250,0.0045712999999999995
relu_prior_VEU7Z4.pt,56,521,0.004577059999999999
relu_prior_IIBVZN.pt,1,62,0.0044761800000000015
relu_prior_3UWVW7.pt,112,187,0.0046824
relu_prior_GCG4GA.pt,56,508,0.004570219999999999
relu_prior_FD2205.pt,56,256,0.004585499999999999
relu_prior_PXMYHJ.pt,14,269,0.00451862
relu_prior_37IV0T.pt,7,727,0.0045254599999999985
relu_prior_9WRX3X.pt,28,397,0.0046010800000000004
relu_prior_NSM7Q6.pt,112,1093,0.00453996
relu_prior_8NIG4K.pt,7,247,0.00449384
relu_prior_ZV8TKC.pt,112,86,0.004611200000000001
relu_prior_2LVSN4.pt,56,64,0.00465272
relu_prior_LKHQP5.pt,14,426,0.00451668
relu_prior_94ICOS.pt,7,230,0.00450324
relu_prior_DAQK3E.pt,14,536,0.0045686200000000015
relu_prior_EJBP78.pt,14,130,0.004483300000000001
relu_prior_111X8Y.pt,56,31,0.004558760000000001
relu_prior_EPDI9C.pt,14,30,0.004529919999999999
relu_prior_9G6TOM.pt,14,190,0.0045834000000000005
relu_prior_YFV82L.pt,56,37,0.004644760000000001
relu_prior_3XGU62.pt,28,540,0.004632459999999999
relu_prior_62282X.pt,14,106,0.004552959999999999
relu_prior_MB5681.pt,28,128,0.00453818
relu_prior_4EBYIS.pt,28,26,0.004521999999999999
relu_prior_EW0GQ0.pt,7,535,0.00456184
relu_prior_TUAJU5.pt,28,189,0.0045721999999999985
relu_prior_ME299U.pt,7,512,0.004525999999999999
relu_prior_R91POR.pt,28,115,0.004524520000000001
relu_prior_5P0WZ6.pt,112,2006,0.00452908
relu_prior_9O477L.pt,112,215,0.0045424
relu_prior_EUW7G4.pt,28,1012,0.00465596
relu_prior_E6NL2V.pt,7,611,0.00458928
relu_prior_06YFNW.pt,7,48,0.004514380000000001
relu_prior_9MF6UI.pt,28,227,0.004588459999999999
relu_prior_SXGC9R.pt,7,496,0.00454578
relu_prior_YIDIPE.pt,28,54,0.004553000000000001
relu_prior_93ZVR3.pt,56,84,0.004528740000000001
relu_prior_PF1OQP.pt,14,771,0.005073439999999999
relu_prior_APTSJA.pt,14,166,0.0049087
relu_prior_5U112F.pt,14,43,0.00454168
relu_prior_KCXTIR.pt,56,269,0.004523439999999999
relu_prior_O87UUV.pt,28,2028,0.004568900000000001
relu_prior_PJV2S7.pt,56,186,0.004597059999999999
relu_prior_XDF7YX.pt,7,511,0.004536899999999999
relu_prior_86TAML.pt,7,392,0.00446306
relu_prior_6E8YE0.pt,14,14,0.004581820000000001
relu_prior_BVMDWW.pt,14,208,0.004502839999999999
relu_prior_3YJBWB.pt,7,92,0.004565320000000001
relu_prior_1CIH0O.pt,7,490,0.004515380000000001
relu_prior_T15NQX.pt,7,14,0.0045263399999999985
relu_prior_JRK4A7.pt,14,155,0.004514060000000002
relu_prior_G46LLJ.pt,14,218,0.004609080000000001
relu_prior_SVAJZB.pt,7,36,0.0044978
relu_prior_R61V4P.pt,1,208,0.004535279999999999
relu_prior_JYPFXA.pt,7,263,0.00451476
relu_prior_1DROUR.pt,7,145,0.0045313
relu_prior_UMWNMG.pt,28,528,0.004494100000000002
relu_prior_GTQ97D.pt,56,57,0.00456842
relu_prior_0V8946.pt,224,184,0.0045206199999999995
relu_prior_231BS5.pt,28,491,0.00454786
relu_prior_2549V2.pt,14,68,0.00459414
relu_prior_NCHG7R.pt,7,50,0.004551679999999999
relu_prior_XXO8Y4.pt,14,18,0.0045230800000000005
relu_prior_TX4LCR.pt,56,212,0.0045672
relu_prior_2S5DY0.pt,7,242,0.00456672
relu_prior_I4OKWQ.pt,7,986,0.029587720000000005
relu_prior_1FOC3W.pt,7,126,0.004511540000000001
relu_prior_LSKADR.pt,3,147,0.00458974
relu_prior_DT2FCZ.pt,28,54,0.004543100000000001
relu_prior_C56XCY.pt,28,77,0.004642180000000001
relu_prior_DQ0DIZ.pt,56,144,0.00454204
relu_prior_LO8RN1.pt,112,183,0.00475506
relu_prior_ATD6ZF.pt,3,267,0.004613860000000001
relu_prior_6BQLOL.pt,7,159,0.00452812
relu_prior_9CIT46.pt,14,123,0.004536779999999999
relu_prior_Z5SQ30.pt,7,812,0.004510439999999999
relu_prior_3Z7W8B.pt,14,226,0.00454812
relu_prior_J2IQAU.pt,112,49,0.004592
relu_prior_QBJ7Y6.pt,7,202,0.0045256199999999976
relu_prior_O3XT7Q.pt,56,859,0.00451424
relu_prior_IOHDUC.pt,7,435,0.00450228
relu_prior_7LKVZ6.pt,56,75,0.004576639999999999
relu_prior_VK8RN9.pt,14,102,0.004570820000000001
relu_prior_WBOOLX.pt,14,534,0.0045340400000000005
relu_prior_HHVV84.pt,28,207,0.004703260000000001
relu_prior_4S2N9C.pt,7,1295,0.00455508
relu_prior_WC5EAL.pt,56,7,0.00454326
relu_prior_7NWBWZ.pt,3,106,0.004656400000000001
relu_prior_SM45JB.pt,112,50,0.0046725199999999995
relu_prior_90X5NH.pt,14,87,0.00454502
relu_prior_4IL258.pt,28,54,0.00451414
relu_prior_ZDQNWF.pt,7,43,0.004564419999999999
relu_prior_HVMPON.pt,28,11,0.00464522
relu_prior_1GEWHG.pt,14,661,0.004564920000000001
relu_prior_0GZ08R.pt,7,473,0.0046646199999999995
relu_prior_W5S0Q1.pt,14,29,0.0044778000000000005
relu_prior_4XUT3C.pt,14,1860,0.004502839999999999
relu_prior_9HU6I8.pt,14,400,0.0045635799999999985
relu_prior_QD1N6I.pt,3,199,0.0045958399999999995
relu_prior_H8SSPL.pt,14,91,0.004492
relu_prior_PMVUBN.pt,7,83,0.004544520000000001
relu_prior_6FT34C.pt,28,192,0.004560519999999999
relu_prior_5C5WV2.pt,28,161,0.00457514
relu_prior_V8C2OH.pt,28,141,0.00458458
relu_prior_ZKCOUV.pt,14,490,0.004533039999999999
relu_prior_DRE2RK.pt,14,240,0.004496220000000001
relu_prior_TKGFI7.pt,7,75,0.0045290999999999994
relu_prior_3A4Y9V.pt,56,89,0.0045268999999999995
relu_prior_Y2CVZI.pt,7,154,0.004559080000000002
relu_prior_YR8ES5.pt,14,87,0.004538219999999999
relu_prior_Y4NVRO.pt,7,974,0.004571519999999998
relu_prior_S5MO8Z.pt,14,349,0.004520039999999999
relu_prior_P9YS2Q.pt,14,209,0.0045468999999999996
relu_prior_8LRPOE.pt,7,72,0.0045114
relu_prior_TL1TL8.pt,7,187,0.004491980000000002
relu_prior_FDNGM0.pt,7,203,0.004526680000000001
relu_prior_CIQGZ8.pt,28,4,0.004558400000000001
relu_prior_6YMVLH.pt,14,15,0.004558659999999999
relu_prior_5XYYU4.pt,56,84,0.00457884
relu_prior_IDBATJ.pt,14,13,0.00452648
relu_prior_2GBDU8.pt,7,432,0.004520559999999999
relu_prior_PNJPAG.pt,14,232,0.028975360000000002
relu_prior_JN19C4.pt,7,127,0.0044645
relu_prior_SZC18S.pt,7,65,0.00453268
relu_prior_RHHT6X.pt,14,794,0.004618300000000002
relu_prior_HMCAYR.pt,14,247,0.0045046999999999995
relu_prior_SM88P3.pt,28,9,0.0045526
relu_prior_Q3TD9W.pt,28,41,0.0044719600000000005
relu_prior_M5A6H9.pt,28,21,0.00455638
relu_prior_ILBWI8.pt,14,77,0.004552419999999998
relu_prior_NDFZBA.pt,7,1021,0.004592480000000001
relu_prior_IHXWNL.pt,28,82,0.004554540000000001
relu_prior_BUKKCD.pt,14,67,0.004526679999999999
relu_prior_FX13UE.pt,56,525,0.004582279999999999
relu_prior_4DAG1P.pt,28,46,0.004631459999999999
relu_prior_LB8JEQ.pt,56,492,0.00456242
relu_prior_6LVG9I.pt,28,516,0.0044576
relu_prior_B84D5E.pt,28,140,0.0045203399999999986
relu_prior_0WG7B2.pt,14,1154,0.00458276
relu_prior_68ZG92.pt,14,168,0.00451336
relu_prior_Q319NU.pt,56,79,0.004565860000000001
relu_prior_884QJ0.pt,56,53,0.0045819
relu_prior_VY11BT.pt,7,141,0.00453304
relu_prior_J379WS.pt,112,523,0.004555880000000001
relu_prior_78ANJZ.pt,56,138,0.004546680000000001
relu_prior_S83LOJ.pt,7,127,0.011833340000000001
relu_prior_FGO51R.pt,28,155,0.004515259999999998
relu_prior_XKPGAO.pt,14,225,0.0046838800000000005
relu_prior_H3C1Q3.pt,14,142,0.00458278
relu_prior_JXDZ24.pt,112,130,0.0045239
relu_prior_HMN4D8.pt,28,11,0.00456438
relu_prior_DYJ32B.pt,56,268,0.004622439999999999
relu_prior_QLO23L.pt,112,183,0.00457778
relu_prior_HXVHAG.pt,224,528,0.00458028
relu_prior_MRYDWB.pt,112,90,0.004544340000000002
relu_prior_SXOBJ7.pt,14,212,0.00452582
relu_prior_MC2V2Y.pt,56,142,0.004494819999999999
relu_prior_PL4SXX.pt,14,143,0.00456572
relu_prior_CU4UR1.pt,28,146,0.004577739999999999
relu_prior_IG10TY.pt,14,11,0.0045039400000000005
relu_prior_WJVMNK.pt,14,494,0.0045758399999999986
relu_prior_J9WVAH.pt,28,50,0.00461168
relu_prior_U1YNZL.pt,14,187,0.004493780000000001
relu_prior_0H3ER3.pt,56,679,0.0045486799999999985
relu_prior_PW52OQ.pt,14,184,0.004590519999999999
relu_prior_J3D3D0.pt,14,1539,0.0044588000000000015
relu_prior_9T5S3X.pt,112,49,0.00467478
relu_prior_CHUE8R.pt,14,74,0.00457682
relu_prior_D1451Q.pt,112,181,0.005096739999999999
relu_prior_08PGX6.pt,112,267,0.004532020000000001
relu_prior_0RSR5T.pt,28,171,0.00456852
relu_prior_LBK1WS.pt,14,654,0.00459528
relu_prior_6V8LNG.pt,7,162,0.0045044399999999984
relu_prior_N1DDMB.pt,14,27,0.00455272
relu_prior_N5WI0P.pt,3,1286,0.00453636
relu_prior_XIY5BN.pt,28,426,0.00457814
relu_prior_9HFESW.pt,14,86,0.00459696
relu_prior_U44AUX.pt,14,2022,0.0045198999999999994
relu_prior_8G4S4J.pt,28,30,0.004522720000000002
relu_prior_PMS1FL.pt,56,137,0.00461426
relu_prior_YW0MXZ.pt,14,260,0.004542360000000001
relu_prior_MZ9CSI.pt,28,772,0.004584820000000001
relu_prior_PXMLC2.pt,14,128,0.0045391400000000005
relu_prior_7DESKI.pt,14,161,0.00460442
relu_prior_RRKBA8.pt,56,164,0.00459266
relu_prior_824WMQ.pt,7,138,0.00517274
relu_prior_HDJ59N.pt,7,242,0.0045360999999999995
relu_prior_VDM55B.pt,7,182,0.0045588600000000005
relu_prior_32WCGW.pt,1,191,0.004489419999999999
relu_prior_KCT9HN.pt,7,199,0.004487659999999999
relu_prior_22W7WP.pt,7,1002,0.004632619999999999
relu_prior_OYIRKU.pt,56,227,0.004552359999999999
relu_prior_7USCU1.pt,14,104,0.004529419999999999
relu_prior_2GNWPL.pt,7,499,0.004635919999999998
relu_prior_JE15ZA.pt,112,1021,0.004603200000000001
relu_prior_HSUQB0.pt,56,422,0.0045669000000000005
relu_prior_HKD13A.pt,14,247,0.004530479999999998
relu_prior_M9THKW.pt,28,140,0.00457812
relu_prior_MLGV2M.pt,14,302,0.00447296
relu_prior_F6Q8J5.pt,7,215,0.0045213200000000005
relu_prior_CALPYQ.pt,28,405,0.004572120000000001
relu_prior_Y23WFV.pt,14,21,0.0045118400000000005
relu_prior_L9HYO3.pt,7,51,0.004530560000000002
relu_prior_2TK360.pt,224,141,0.00451024
relu_prior_ZVC884.pt,224,256,0.004649340000000001
relu_prior_N5SWYB.pt,112,41,0.00457876
relu_prior_MMZEO7.pt,14,540,0.00454618
relu_prior_Z2MQFH.pt,7,201,0.004605120000000001
relu_prior_KH7QO1.pt,28,478,0.0044801
relu_prior_JK9QZI.pt,28,502,0.00453054
relu_prior_RI9WQX.pt,14,651,0.00456728
relu_prior_2KH9XR.pt,7,60,0.00452798
relu_prior_AJBVFY.pt,56,97,0.0045674999999999995
relu_prior_ZAKU2D.pt,14,46,0.004564679999999999
relu_prior_80ODJ0.pt,28,210,0.004577420000000001
relu_prior_87GFFK.pt,3,42,0.004545819999999999
relu_prior_C3G5K4.pt,14,939,0.0045717
relu_prior_VM756M.pt,7,211,0.0045618599999999974
relu_prior_128ALO.pt,7,414,0.004503180000000001
relu_prior_ROYTZX.pt,28,266,0.004579979999999999
relu_prior_KLBB1F.pt,112,11,0.004574999999999999
relu_prior_BE8E6G.pt,14,198,0.00449932
relu_prior_Q9U2ZJ.pt,112,3,0.004530019999999999
relu_prior_HM4ALM.pt,3,499,0.00458764
relu_prior_TVO7VV.pt,28,184,0.00462826
relu_prior_LKLSF9.pt,14,195,0.004540700000000002
relu_prior_G5G1IT.pt,56,156,0.00447074
relu_prior_0OH3HE.pt,28,1153,0.004725580000000002
relu_prior_0CHI19.pt,56,233,0.0046618
relu_prior_CTQV3K.pt,28,126,0.00462298
relu_prior_UI02X1.pt,7,193,0.004523579999999999
relu_prior_7G8KJK.pt,112,297,0.0045083799999999985
relu_prior_35JJOH.pt,14,491,0.004527139999999999
relu_prior_X95KRR.pt,14,492,0.004510519999999999
relu_prior_AC1FWT.pt,56,841,0.00455302
relu_prior_0QTGQL.pt,56,227,0.00457734
relu_prior_SERV9W.pt,112,24,0.0045555
relu_prior_VCM0WP.pt,14,105,0.00453528
relu_prior_RZSPTB.pt,7,245,0.00454226
relu_prior_BS27XR.pt,14,204,0.0045289399999999995
relu_prior_JECL26.pt,14,103,0.004519820000000001
relu_prior_DZTSSM.pt,56,499,0.004521699999999998
relu_prior_AN2XTE.pt,28,944,0.004593400000000001
relu_prior_0UUZRV.pt,112,1018,0.004566
relu_prior_CGRULR.pt,14,25,0.00453594
relu_prior_EJ4EQD.pt,14,152,0.004533060000000001
relu_prior_4DOIYA.pt,14,392,0.00451872
relu_prior_RPCES9.pt,14,157,0.004540019999999999
relu_prior_DH6CZ8.pt,14,229,0.004524220000000001
relu_prior_P12LIB.pt,14,44,0.0045816200000000015
relu_prior_941RU6.pt,7,780,0.00454846
relu_prior_C5XR91.pt,56,400,0.0045607
relu_prior_WASEEO.pt,7,154,0.004576479999999999
relu_prior_1GCAH9.pt,28,150,0.004573819999999999
relu_prior_HWDUC0.pt,28,265,0.0046343800000000004
relu_prior_M4RRF6.pt,56,7,0.004581120000000002
relu_prior_T5D7YG.pt,14,178,0.0045291199999999985
relu_prior_WNOA4Y.pt,7,71,0.004563
relu_prior_109J5M.pt,7,1006,0.004541900000000001
relu_prior_Y3X19U.pt,7,264,0.004588719999999999
relu_prior_ZYWTO3.pt,7,827,0.004498900000000001
relu_prior_LBSWWX.pt,14,135,0.004524639999999999
relu_prior_31URFK.pt,14,1828,0.004755759999999999
relu_prior_DDOKL5.pt,7,505,0.00448358
relu_prior_KWIGNR.pt,56,37,0.004537960000000001
relu_prior_VYWC6Y.pt,14,137,0.00459478
relu_prior_X3194O.pt,7,25,0.004636480000000001
relu_prior_O9EDHY.pt,14,42,0.004522120000000001
relu_prior_0GLLLH.pt,224,258,0.004526059999999999
relu_prior_J7SZ7I.pt,14,529,0.004555959999999999
relu_prior_MV24L2.pt,28,116,0.00463134
relu_prior_0WW1B9.pt,3,907,0.004517100000000001
relu_prior_8ROIIM.pt,112,121,0.004535540000000001
relu_prior_BJNAT7.pt,14,760,0.0046196
relu_prior_R5LRK2.pt,14,94,0.00453932
relu_prior_PADU5I.pt,7,477,0.004570319999999999
relu_prior_LDHKQF.pt,56,200,0.00460922
relu_prior_IM2EP2.pt,28,124,0.00458722
relu_prior_3WJ8OZ.pt,56,493,0.004602180000000001
relu_prior_6V2YTU.pt,7,220,0.00456918
relu_prior_U53H57.pt,56,500,0.004604559999999999
relu_prior_AA0BGF.pt,56,382,0.004576500000000002
relu_prior_261U4K.pt,14,158,0.0045721799999999995
relu_prior_4O61Z2.pt,14,182,0.004549499999999998
relu_prior_O6KT3Z.pt,28,85,0.004520220000000002
relu_prior_DMD0ZD.pt,112,528,0.004558540000000001
relu_prior_OCYQX1.pt,14,230,0.0045340400000000005
relu_prior_SD4CPW.pt,112,113,0.00456364
relu_prior_VB8ZBX.pt,56,512,0.004535760000000001
relu_prior_8BJ6HR.pt,14,469,0.004628720000000002
relu_prior_LZ2LVR.pt,56,506,0.00459562
relu_prior_HSO0VS.pt,28,41,0.00458958
relu_prior_AD4U38.pt,28,35,0.0045797
relu_prior_6GKDVS.pt,14,758,0.0045791799999999995
relu_prior_82B8Q1.pt,7,164,0.00449454
relu_prior_DXGYF2.pt,112,182,0.0044876
relu_prior_TMN1OS.pt,1,183,0.0045423
relu_prior_VGW9OG.pt,28,1384,0.004559880000000001
relu_prior_JLSN65.pt,56,586,0.004559799999999999
relu_prior_3M4RZN.pt,56,539,0.00457658
relu_prior_GH84Q7.pt,7,507,0.00452046
relu_prior_56EMBB.pt,112,33,0.004499680000000001
relu_prior_HNXUAU.pt,14,44,0.004523279999999999
relu_prior_RZWNBF.pt,28,231,0.0045794600000000005
relu_prior_4379ES.pt,28,1182,0.004566820000000001
relu_prior_G210SV.pt,14,1025,0.00457478
relu_prior_GNDDRD.pt,14,84,0.0045433999999999995
relu_prior_E20D6W.pt,3,164,0.004469040000000001
relu_prior_UJ8SFG.pt,3,23,0.00456522
relu_prior_DR02EW.pt,112,142,0.004537060000000002
relu_prior_HREAET.pt,7,212,0.00449624
relu_prior_7H3CA1.pt,7,11,0.004504939999999999
relu_prior_KEDHC6.pt,56,545,0.004603599999999999
relu_prior_27BHE0.pt,28,37,0.004533260000000001
relu_prior_8W7U7I.pt,3,700,0.00455326
relu_prior_K3FVX9.pt,28,42,0.00454466
relu_prior_ENNTJE.pt,7,517,0.0045140200000000005
relu_prior_250584.pt,56,88,0.00447532
relu_prior_Z89FYN.pt,14,38,0.004536080000000001
relu_prior_PNQJPE.pt,56,28,0.00450418
relu_prior_XJ9LHK.pt,56,160,0.00457372
relu_prior_0XHH1D.pt,14,694,0.004764359999999999
relu_prior_YK9YI3.pt,14,826,0.0045891199999999995
relu_prior_YQMK0D.pt,7,15,0.00464696
relu_prior_DXSRGQ.pt,14,123,0.0045837000000000004
relu_prior_58VGSV.pt,224,186,0.004466200000000001
relu_prior_N2FE9B.pt,7,8,0.00451914
relu_prior_VJQRTQ.pt,28,265,0.0045603599999999985
relu_prior_W8XNST.pt,7,177,0.0045743
relu_prior_4SSOXS.pt,7,151,0.0044298
relu_prior_FKZEKO.pt,56,293,0.004527439999999999
relu_prior_M76ZJY.pt,28,190,0.00456548
relu_prior_HSFMEL.pt,14,28,0.004564400000000001
relu_prior_1WS06E.pt,56,999,0.00453732
relu_prior_5QULQS.pt,28,150,0.004538539999999999
relu_prior_OD6UGU.pt,56,257,0.004728980000000001
relu_prior_AYR0UF.pt,7,179,0.004553620000000001
relu_prior_9ENIGZ.pt,14,52,0.004545
relu_prior_L4QFKK.pt,112,519,0.004540200000000001
relu_prior_N76SR1.pt,28,536,0.00454744
relu_prior_N2R5OC.pt,28,852,0.004602859999999999
relu_prior_QQBJD6.pt,28,92,0.00455814
relu_prior_TGQUOB.pt,56,282,0.004533979999999999
relu_prior_9CDKY2.pt,112,179,0.004629059999999999
relu_prior_60QKIE.pt,28,68,0.0045125799999999995
relu_prior_7H1HB8.pt,7,267,0.00455784
relu_prior_VIZ4I1.pt,7,494,0.00455226
relu_prior_CYJSYH.pt,28,9,0.004529899999999998
relu_prior_OI3LHE.pt,14,150,0.004503399999999999
relu_prior_D0WFO5.pt,28,5,0.004544740000000001
relu_prior_XVA8VP.pt,14,190,0.004580480000000001
relu_prior_5TIHQN.pt,7,770,0.004543059999999998
relu_prior_2B0URP.pt,14,135,0.004523739999999999
relu_prior_V0V7R7.pt,14,126,0.004513299999999999
relu_prior_62GKLR.pt,28,9,0.004506679999999999
relu_prior_LIXXXU.pt,14,955,0.0045872
relu_prior_ZTK4TN.pt,14,154,0.00451552
relu_prior_K02L4S.pt,56,245,0.00459096
relu_prior_KZY8WQ.pt,56,643,0.004724260000000001
relu_prior_LVBD0E.pt,28,668,0.004598919999999999
relu_prior_C8K0RC.pt,56,511,0.00460706
relu_prior_VW49G0.pt,7,61,0.0046064
relu_prior_RR1RHE.pt,3,496,0.004502179999999999
relu_prior_P7YVQT.pt,14,91,0.00452
relu_prior_GWX6H1.pt,14,193,0.004602919999999999
relu_prior_381UZE.pt,7,35,0.00451236
relu_prior_S5C1XO.pt,14,1006,0.004654460000000002
relu_prior_4ICJEP.pt,3,109,0.004515080000000001
relu_prior_U8R2ON.pt,224,35,0.0046358
relu_prior_S2X1IL.pt,14,512,0.004567940000000001
relu_prior_DQEHKB.pt,56,198,0.004566560000000001
relu_prior_5DWCEO.pt,14,849,0.004613460000000001
relu_prior_UTOKQD.pt,3,805,0.00455158
relu_prior_Q7KM1Q.pt,56,205,0.00457714
relu_prior_BR3J1R.pt,28,166,0.004569359999999999
relu_prior_U5AH38.pt,1,133,0.004561239999999999
relu_prior_LBP3EA.pt,14,521,0.0044947599999999996
relu_prior_R5N3L4.pt,28,61,0.0045186
relu_prior_6NIHD3.pt,28,209,0.0045723399999999985
relu_prior_KG1AH6.pt,28,1143,0.004552100000000001
relu_prior_31QBTP.pt,28,507,0.004452040000000001
relu_prior_WSJEPA.pt,7,264,0.0045121200000000005
relu_prior_BZWVOD.pt,14,108,0.004502559999999999
relu_prior_MACUVD.pt,28,176,0.00458492
relu_prior_4YH6P8.pt,28,101,0.004523499999999999
relu_prior_JVQVJI.pt,14,105,0.0045673400000000005
relu_prior_AR1NFA.pt,112,537,0.00447058
relu_prior_LD659G.pt,7,304,0.004536080000000001
relu_prior_7XYU85.pt,112,271,0.004507199999999999
relu_prior_KZ7M9D.pt,14,201,0.0045893
relu_prior_Q9ZKW6.pt,14,520,0.00460026
relu_prior_EIC5KO.pt,14,18,0.004542740000000001
relu_prior_EM4WV1.pt,14,121,0.00453284
relu_prior_5QRDVO.pt,14,464,0.004530919999999999
relu_prior_Y97CKS.pt,28,69,0.0045181
relu_prior_Q14MY6.pt,112,212,0.0045694
relu_prior_FS5U8V.pt,112,996,0.004550239999999999
relu_prior_FHHCYM.pt,14,24,0.0045010000000000015
relu_prior_4EN060.pt,112,210,0.004583340000000002
relu_prior_X6YAVX.pt,56,92,0.00454152
relu_prior_T9G3HD.pt,28,147,0.004552299999999998
relu_prior_CN725P.pt,7,1166,0.004506799999999998
relu_prior_9BAZL8.pt,14,44,0.004553559999999999
relu_prior_JYQOS2.pt,14,2038,0.004514559999999999
relu_prior_VY0WYB.pt,14,551,0.00453386
relu_prior_LV8NFP.pt,14,981,0.0045673400000000005
relu_prior_U8QY35.pt,224,452,0.0045503
relu_prior_Y7G1IR.pt,14,77,0.004516059999999999
relu_prior_D8W814.pt,112,419,0.00455806
relu_prior_VW1QJI.pt,28,536,0.004468719999999999
relu_prior_6LL5XF.pt,28,160,0.0045628599999999984
relu_prior_MT3RL0.pt,56,39,0.004674659999999999
relu_prior_5PKJ8D.pt,3,52,0.004584060000000001
relu_prior_HB663Y.pt,3,1282,0.004513100000000001
relu_prior_YAT03N.pt,14,540,0.004649559999999998
relu_prior_XMIQO8.pt,14,111,0.0045433
relu_prior_KDYKQ6.pt,56,100,0.004569320000000001
relu_prior_S9NULL.pt,14,246,0.004599860000000001
relu_prior_LXM8EJ.pt,56,824,0.004493879999999999
relu_prior_Z5AVGP.pt,7,160,0.0045217799999999995
relu_prior_OUADK1.pt,14,50,0.0045487
relu_prior_60JGL6.pt,56,524,0.004547439999999998
relu_prior_YB89GZ.pt,56,252,0.004619519999999999
relu_prior_HV99O8.pt,14,2158,0.0044703799999999995
relu_prior_UX148Q.pt,56,270,0.004530360000000001
relu_prior_MFOQVM.pt,56,250,0.00455848
relu_prior_TFJS70.pt,56,116,0.00455662
relu_prior_4WX4UM.pt,14,5,0.004497860000000001
relu_prior_87JBQH.pt,112,31,0.004590400000000001
relu_prior_F2HMMU.pt,1,783,0.004940820000000001
relu_prior_VSLTZB.pt,28,265,0.0045783199999999994
relu_prior_TPGDU2.pt,28,1181,0.004548979999999999
relu_prior_94IGSU.pt,14,197,0.00455792
relu_prior_DKB9J4.pt,7,334,0.00460814
relu_prior_URZT1Q.pt,14,127,0.004561320000000001
relu_prior_XMMXCL.pt,14,176,0.004564800000000001
relu_prior_K9RKQE.pt,14,140,0.0045334600000000004
relu_prior_86UFWM.pt,1,1274,0.004512220000000001
relu_prior_F5SZIY.pt,14,503,0.004546420000000001
relu_prior_SRBMLB.pt,14,134,0.004579100000000001
relu_prior_X1GJ58.pt,1,145,0.004558880000000001
relu_prior_91BE2V.pt,28,131,0.00452198
relu_prior_ZH2ANF.pt,28,98,0.00452298
relu_prior_D9KJWM.pt,28,178,0.00457224
relu_prior_9WUC9W.pt,14,267,0.004558119999999999
relu_prior_QX5XDW.pt,14,18,0.004529519999999999
relu_prior_P67ARI.pt,112,194,0.004549880000000001
relu_prior_CF1OSV.pt,14,504,0.004499019999999999
relu_prior_I779AR.pt,56,148,0.004576679999999999
relu_prior_HFWWHF.pt,112,831,0.0044484600000000004
relu_prior_GCO506.pt,14,491,0.0044946199999999995
relu_prior_YJ422V.pt,28,143,0.00457528
relu_prior_1YZMJ9.pt,7,309,0.00454068
relu_prior_DOECB1.pt,112,134,0.00453228
relu_prior_NWGQXL.pt,7,70,0.004559440000000001
relu_prior_T0P2UY.pt,28,2042,0.004640819999999999
relu_prior_BZK4LC.pt,14,225,0.004594660000000001
relu_prior_14IHO2.pt,28,197,0.004606139999999998
relu_prior_8EJ9YN.pt,28,95,0.004555459999999999
relu_prior_NV447S.pt,112,197,0.00447978
relu_prior_F6869O.pt,7,1022,0.00451524
relu_prior_VPXMH3.pt,3,439,0.0045522600000000015
relu_prior_L5ZVTV.pt,56,92,0.00462486
relu_prior_DERK1X.pt,1,212,0.00455272
relu_prior_3U54TM.pt,3,66,0.00454092
relu_prior_0XJZ67.pt,14,119,0.004561260000000001
relu_prior_VES301.pt,3,72,0.00450686
relu_prior_YBG51Y.pt,7,290,0.00462588
relu_prior_9RK2OQ.pt,56,205,0.0046107
relu_prior_YQX0PW.pt,56,65,0.004618119999999999
relu_prior_S0U00U.pt,56,6,0.004550139999999999
relu_prior_MO8AJV.pt,7,118,0.00455268
relu_prior_XYI3PY.pt,56,185,0.00519714
relu_prior_HMDIWL.pt,14,249,0.004570559999999999
relu_prior_AC3HHV.pt,112,181,0.004525840000000001
relu_prior_9V22H0.pt,14,9,0.00458326
relu_prior_UBUQEN.pt,224,160,0.0046634
relu_prior_GLO7JM.pt,56,164,0.0045581599999999995
relu_prior_J9VNMR.pt,14,6,0.004505159999999999
relu_prior_RZKINQ.pt,112,269,0.00453434
relu_prior_PGYQBU.pt,112,69,0.004559839999999998
relu_prior_05WDBC.pt,28,28,0.004441799999999999
relu_prior_AF7EOE.pt,14,37,0.004574220000000001
relu_prior_LS5D9J.pt,14,3,0.004550679999999999
relu_prior_4G9QOH.pt,14,66,0.0046799400000000005
relu_prior_5TRQGH.pt,112,16,0.00464458
relu_prior_W4IDRZ.pt,14,525,0.004524239999999997
relu_prior_XB2GXU.pt,14,12,0.00459194
relu_prior_014XWK.pt,28,45,0.00453758
relu_prior_WXUZTV.pt,7,1691,0.004573840000000001
relu_prior_TYV9R0.pt,56,239,0.00460812
relu_prior_FS86KC.pt,56,27,0.004559959999999999
relu_prior_QY78XK.pt,56,183,0.004583919999999999
relu_prior_1QCCR9.pt,224,832,0.004695479999999999
relu_prior_NU9RSL.pt,28,527,0.004530780000000002
relu_prior_60F1QC.pt,56,270,0.00455766
relu_prior_H6G1LF.pt,14,103,0.004538099999999998
relu_prior_GCAME1.pt,56,84,0.00450892
relu_prior_KKEXKT.pt,7,27,0.004935080000000001
relu_prior_BTRW2A.pt,224,489,0.004573939999999999
relu_prior_F54P0W.pt,56,529,0.004541359999999998
relu_prior_L0DSJY.pt,28,118,0.00450656
relu_prior_T7LDMX.pt,14,41,0.004528720000000001
relu_prior_BVE1RY.pt,28,101,0.0045699799999999995
relu_prior_8KJBTA.pt,224,30,0.00456596
relu_prior_63GW9H.pt,14,39,0.004583340000000001
relu_prior_EECFYO.pt,14,1188,0.004583700000000001
relu_prior_8SIGZ0.pt,7,26,0.004526400000000001
relu_prior_4E9JRC.pt,56,526,0.004612399999999999
relu_prior_PPE52F.pt,14,194,0.004600940000000001
relu_prior_80O904.pt,7,14,0.004525600000000001
relu_prior_ZT0C9M.pt,7,146,0.004554020000000001
relu_prior_C1JHMM.pt,14,232,0.00448676
relu_prior_WQD4AB.pt,56,227,0.004620179999999999
relu_prior_ZQ9DP8.pt,56,28,0.004522060000000001
relu_prior_45Z2PG.pt,14,987,0.004581999999999999
relu_prior_FVP254.pt,7,643,0.004532320000000001
relu_prior_FGY3NI.pt,28,256,0.00462208
relu_prior_0AAA79.pt,28,231,0.0045883600000000005
relu_prior_OLXD1M.pt,14,18,0.00450012
relu_prior_GJIQ1I.pt,14,537,0.004497460000000001
relu_prior_5GH7TK.pt,56,495,0.00455066
relu_prior_ALJ9K9.pt,14,521,0.00459222
relu_prior_XIWQ76.pt,7,976,0.004537380000000001
relu_prior_O8OZJC.pt,7,53,0.0045487999999999995
relu_prior_YL4NNK.pt,56,496,0.0045721600000000005
relu_prior_93ZR12.pt,7,1952,0.00454582
relu_prior_I5JNHR.pt,28,50,0.004609080000000001
relu_prior_Q4E8F3.pt,14,983,0.004577880000000001
relu_prior_S849GI.pt,28,928,0.0046504400000000005
relu_prior_GZQRS6.pt,112,182,0.004589839999999999
relu_prior_BUZCG9.pt,28,521,0.004470239999999999
relu_prior_G63ZP8.pt,28,152,0.004556580000000001
relu_prior_TJ4B22.pt,1,261,0.00453082
relu_prior_0KQ2XE.pt,14,125,0.004572960000000001
relu_prior_3N5V38.pt,7,14,0.00452306
relu_prior_BK6EKB.pt,14,493,0.0045288
relu_prior_U674ZO.pt,1,181,0.004555
relu_prior_33V3ZP.pt,56,150,0.00449892
relu_prior_FCSSV7.pt,14,90,0.004557780000000001
relu_prior_KW3EPK.pt,56,521,0.004571100000000001
relu_prior_396BV5.pt,112,561,0.004571259999999999
relu_prior_E9BUKX.pt,56,130,0.004511339999999999
relu_prior_B6PCRK.pt,7,415,0.0045493800000000004
relu_prior_1DAOT8.pt,14,254,0.0046730600000000014
relu_prior_CMBXWO.pt,56,505,0.0045712999999999995
relu_prior_90DAC0.pt,112,123,0.004559639999999999
relu_prior_QZSFJ7.pt,14,503,0.004575040000000001
relu_prior_ZTQTHT.pt,56,171,0.004585639999999999
relu_prior_JYLG1I.pt,56,73,0.004507199999999999
relu_prior_10U80S.pt,14,114,0.00456786
relu_prior_K59A0O.pt,14,793,0.00457928
relu_prior_5ABGBC.pt,56,516,0.004585519999999999
relu_prior_NDUVQ3.pt,14,1290,0.00457128
relu_prior_84PN0S.pt,28,291,0.0045759799999999995
relu_prior_XQ504Z.pt,14,259,0.004526359999999999
relu_prior_9RLSLU.pt,7,74,0.004594839999999999
relu_prior_G9MG98.pt,14,112,0.004548020000000001
relu_prior_BCYSV4.pt,56,213,0.00461104
relu_prior_RG4TK5.pt,7,243,0.004532499999999998
relu_prior_MACFRC.pt,14,120,0.004548200000000001
relu_prior_QUDPDT.pt,14,517,0.00457284
relu_prior_ZN2QAF.pt,14,161,0.004552040000000001
relu_prior_ATWW0H.pt,14,84,0.00467946
relu_prior_SSHBOI.pt,28,558,0.00447282
relu_prior_5QDI5A.pt,56,222,0.004604119999999998
relu_prior_G5EMKJ.pt,56,541,0.004560740000000001
relu_prior_8AO4P1.pt,112,32,0.00453026
relu_prior_5XQ6FN.pt,14,1171,0.00458882
relu_prior_VBF0YH.pt,28,482,0.00451804
relu_prior_TF4GWN.pt,112,224,0.00454392
relu_prior_8F2ZMK.pt,56,192,0.00465316
relu_prior_VYMBGP.pt,56,39,0.00465634
relu_prior_I1GFSV.pt,28,449,0.0044939
relu_prior_W7UK7P.pt,56,196,0.00460844
relu_prior_1XF1KX.pt,14,86,0.004528020000000001
relu_prior_VOUBET.pt,14,117,0.0045448400000000005
relu_prior_WP7CBC.pt,28,996,0.00456658
relu_prior_4VY3S7.pt,14,281,0.004528839999999999
relu_prior_D5PVBR.pt,14,207,0.0045315000000000025
relu_prior_AY1RFO.pt,14,478,0.004553300000000001
relu_prior_T0G6GV.pt,14,364,0.00453866
relu_prior_E7ZFTN.pt,28,81,0.004560440000000001
relu_prior_PS0YWX.pt,56,1015,0.00455496
relu_prior_GYV3BL.pt,56,195,0.004590660000000001
relu_prior_GDP5AU.pt,7,489,0.00454734
relu_prior_1YWMMH.pt,14,537,0.0045733200000000005
relu_prior_76KT8O.pt,28,39,0.004558380000000001
relu_prior_EXEN7V.pt,14,636,0.0045460200000000004
relu_prior_I9ITGX.pt,28,694,0.004574459999999999
relu_prior_RCOKJ5.pt,112,28,0.00458618
relu_prior_8PKGAB.pt,28,5,0.00450976
relu_prior_5Q2IKR.pt,14,776,0.004602340000000001
relu_prior_WJ105Q.pt,14,258,0.004512260000000001
relu_prior_2SVGB3.pt,28,92,0.0045061
relu_prior_S8XV3V.pt,7,983,0.004965560000000001
relu_prior_C1L31D.pt,28,538,0.0045866599999999985
relu_prior_8X7YPN.pt,7,81,0.00467938
relu_prior_J1V8B7.pt,14,241,0.004545379999999999
relu_prior_HRB1ON.pt,14,34,0.00452208
relu_prior_JHE162.pt,56,517,0.004569819999999999
relu_prior_3P980O.pt,56,211,0.00469544
relu_prior_H4WX9W.pt,28,187,0.0045952599999999994
relu_prior_DUWNF5.pt,56,154,0.0044726800000000014
relu_prior_NLJN0R.pt,14,106,0.0046315
relu_prior_G9K98D.pt,56,981,0.004536140000000001
relu_prior_HM4NF8.pt,14,931,0.00457256
relu_prior_FRW4AX.pt,28,124,0.0045225
relu_prior_S58LIA.pt,14,203,0.004534519999999999
relu_prior_5L1ZM4.pt,1,34,0.0045261400000000005
relu_prior_GCVL9U.pt,7,7,0.004610059999999999
relu_prior_HD4AWB.pt,14,2048,0.00452242
relu_prior_MFVTDB.pt,28,46,0.00451722
relu_prior_T6NVVE.pt,7,495,0.004514899999999999
relu_prior_5QZHIB.pt,28,84,0.0046873999999999996
relu_prior_AHNHVG.pt,7,182,0.004707600000000001
relu_prior_4ZLSAU.pt,14,163,0.004573219999999999
relu_prior_HLQKD5.pt,56,22,0.004585100000000002
relu_prior_RPBD0V.pt,28,27,0.00458928
relu_prior_3L42F6.pt,14,418,0.004627579999999999
relu_prior_CC5VIC.pt,14,137,0.00460998
relu_prior_AYYRXT.pt,14,534,0.004598799999999999
relu_prior_9JN5CC.pt,56,257,0.004612500000000002
relu_prior_EXELQY.pt,14,30,0.004523059999999999
relu_prior_BOCGJX.pt,14,443,0.00457502
relu_prior_7KZDEZ.pt,7,502,0.00453082
relu_prior_8UF2KH.pt,28,451,0.004492379999999999
relu_prior_AVCUFV.pt,28,245,0.00462244
relu_prior_93KG5Y.pt,56,114,0.00446748
relu_prior_VNMQD0.pt,14,147,0.004515960000000001
relu_prior_N3LEVK.pt,7,241,0.00456924
relu_prior_T9LLUN.pt,7,68,0.004540819999999999
relu_prior_98421W.pt,112,77,0.00457242
relu_prior_EFIYVD.pt,7,814,0.004517920000000001
relu_prior_NKF2NJ.pt,224,492,0.004519879999999999
relu_prior_RH4ZVI.pt,28,263,0.004598680000000001
relu_prior_HFMPB8.pt,28,238,0.004574720000000001
relu_prior_ZQOTAL.pt,28,87,0.0046084
relu_prior_06CXLR.pt,14,172,0.0045055799999999995
relu_prior_2WK4FC.pt,14,81,0.00454324
relu_prior_H24V5M.pt,28,275,0.004595759999999999
relu_prior_KVJFZ9.pt,28,760,0.0045588
relu_prior_KMJ9FF.pt,14,925,0.004612059999999999
relu_prior_WU5W40.pt,56,202,0.004563560000000001
relu_prior_Q3KERD.pt,14,214,0.004526339999999999
relu_prior_NK48K6.pt,112,236,0.00453196
relu_prior_1UOB4N.pt,28,625,0.004475539999999998
relu_prior_N6GHXN.pt,7,520,0.004489360000000001
relu_prior_4JD5D3.pt,28,197,0.00462812
relu_prior_NYUBVI.pt,7,87,0.0045987
relu_prior_DH67PT.pt,14,1034,0.0046633
relu_prior_BEBOUM.pt,14,170,0.00469644
relu_prior_BE8ZSV.pt,7,146,0.00454
relu_prior_LBK1JW.pt,112,726,0.0045112
relu_prior_S8ZRFF.pt,112,194,0.00459742
relu_prior_F5CKAJ.pt,56,92,0.004522520000000001
relu_prior_2KU0HT.pt,14,148,0.00455848
relu_prior_6A834A.pt,14,143,0.004531860000000001
relu_prior_ATDCBX.pt,28,169,0.004554519999999999
relu_prior_1CCPNE.pt,28,844,0.0045654
relu_prior_BLO40F.pt,56,849,0.004511940000000001
relu_prior_C7MZRE.pt,56,1332,0.004598979999999999
relu_prior_3OG210.pt,56,59,0.00462396
relu_prior_MWUFMQ.pt,28,2042,0.00453768
relu_prior_L25BPR.pt,56,175,0.00457706
relu_prior_WDSL79.pt,56,139,0.00454182
relu_prior_WQQI6I.pt,28,508,0.004477359999999999
relu_prior_M4DJPZ.pt,14,256,0.00452126
relu_prior_SWDAGF.pt,56,13,0.0045348
relu_prior_WX7B3T.pt,7,40,0.00456018
relu_prior_N7X9PJ.pt,112,171,0.0045366799999999995
relu_prior_P96G8U.pt,1,16,0.004486840000000001
relu_prior_4Q88IR.pt,14,243,0.004564480000000001
relu_prior_GOCBQE.pt,28,474,0.004551799999999998
relu_prior_XHZCQG.pt,28,52,0.004543720000000002
relu_prior_V01R40.pt,7,225,0.004541300000000001
relu_prior_CZ3DUY.pt,7,1021,0.004556260000000001
relu_prior_WO6TRK.pt,56,187,0.004649800000000001
relu_prior_5KOEBC.pt,28,132,0.004559260000000001
relu_prior_R6I4QL.pt,7,2060,0.004493779999999999
relu_prior_3Z34JE.pt,28,1004,0.00456306
relu_prior_KDHOYW.pt,7,78,0.004527420000000001
relu_prior_H4MT6Z.pt,112,246,0.0045787399999999995
relu_prior_7HDXO2.pt,7,1784,0.00454364
relu_prior_5O15WD.pt,28,42,0.00451346
relu_prior_3HWGVT.pt,28,73,0.004509960000000001
relu_prior_RXZ95J.pt,112,128,0.004568320000000001
relu_prior_LB0NAZ.pt,28,529,0.004549199999999998
relu_prior_4320L3.pt,14,176,0.004512899999999999
relu_prior_J5EEMH.pt,7,164,0.0045476000000000015
relu_prior_ONBZC5.pt,28,533,0.004605580000000001
relu_prior_GNK2SI.pt,14,76,0.004520739999999999
relu_prior_O68V8B.pt,112,503,0.004599619999999999
relu_prior_0AS3E4.pt,28,139,0.004564260000000001
relu_prior_782ZI7.pt,14,258,0.0044989800000000005
relu_prior_N6I9YN.pt,28,145,0.004523360000000001
relu_prior_903UZ4.pt,14,1903,0.0045193
relu_prior_2HBKYA.pt,28,39,0.004544039999999998
relu_prior_4S4AVS.pt,112,668,0.00454046
relu_prior_0X4SP9.pt,56,134,0.0045096
relu_prior_4PZVQZ.pt,112,658,0.004507039999999999
relu_prior_DM42SD.pt,56,17,0.004488239999999999
relu_prior_DRNBRS.pt,7,120,0.004612879999999999
relu_prior_KAKXX2.pt,14,974,0.0046253
relu_prior_GK5MZ0.pt,112,96,0.004567459999999999
relu_prior_7C40SM.pt,112,51,0.0045612000000000005
relu_prior_H1YYUD.pt,7,1024,0.0046493
relu_prior_CXI6ST.pt,56,186,0.00460082
relu_prior_3IHB1W.pt,56,375,0.004552500000000002
relu_prior_30TD61.pt,112,663,0.004523759999999999
relu_prior_2WVGE9.pt,28,1535,0.004539939999999999
relu_prior_ZKM0WD.pt,7,266,0.00508588
relu_prior_9GTM7E.pt,112,133,0.004574140000000001
relu_prior_XRH99P.pt,14,247,0.00459702
relu_prior_GFEGO8.pt,56,252,0.00460846
relu_prior_OH4MR7.pt,56,135,0.004521020000000001
relu_prior_HHYMAE.pt,14,140,0.004536139999999999
relu_prior_0PGXM5.pt,28,46,0.004669039999999999
relu_prior_07DN1P.pt,14,30,0.004507839999999999
relu_prior_UTDFZU.pt,28,217,0.004572420000000001
relu_prior_9JL34E.pt,56,118,0.004565919999999999
relu_prior_OAWNF3.pt,14,537,0.00452204
relu_prior_RG7IYW.pt,14,24,0.004566400000000001
relu_prior_IX4K2R.pt,3,123,0.004521719999999999
relu_prior_HEZO2S.pt,224,996,0.004572959999999999
relu_prior_DP1JOH.pt,14,826,0.004574620000000001
relu_prior_ZI4XI9.pt,28,244,0.004579539999999999
relu_prior_QGLJZK.pt,112,2042,0.004567919999999999
relu_prior_XTWCHG.pt,14,142,0.004489859999999999
relu_prior_SATT3A.pt,56,227,0.004608479999999999
relu_prior_MJX3ZI.pt,28,810,0.004583719999999999
relu_prior_ON7CSR.pt,7,223,0.004544239999999999
relu_prior_QLI627.pt,7,72,0.004551380000000001
relu_prior_IP5V5N.pt,7,231,0.00447212
relu_prior_4ZH9QV.pt,14,113,0.004565700000000001
relu_prior_0MGGX5.pt,28,130,0.004525040000000001
relu_prior_QUDXNJ.pt,112,202,0.004509120000000002
relu_prior_VQORD5.pt,28,67,0.0045565200000000005
relu_prior_7AIOVV.pt,112,323,0.004577699999999999
relu_prior_ED9NGN.pt,56,2039,0.004528940000000001
relu_prior_AEDEKH.pt,56,198,0.0046367399999999994
relu_prior_0Y9J15.pt,28,83,0.0045116
relu_prior_PFQV3V.pt,7,770,0.004472060000000001
relu_prior_9KGKF3.pt,14,470,0.004550900000000002
relu_prior_57537H.pt,28,512,0.004616600000000001
relu_prior_ACEGZN.pt,28,220,0.0046362
relu_prior_EYYFRT.pt,28,578,0.00449792
relu_prior_3BA5HF.pt,7,56,0.004509379999999999
relu_prior_J79JC5.pt,112,60,0.004634280000000001
relu_prior_H2ZUOB.pt,14,1001,0.004603879999999999
relu_prior_S6TRCM.pt,7,47,0.0044981199999999995
relu_prior_NDDSNX.pt,14,696,0.00456968
relu_prior_GXH1LK.pt,112,199,0.0044804400000000005
relu_prior_MQEXO0.pt,14,250,0.004479919999999999
relu_prior_BDANQV.pt,14,847,0.004601780000000001
relu_prior_079HRF.pt,7,54,0.004557879999999999
relu_prior_852407.pt,28,107,0.00449966
relu_prior_CNUKXH.pt,56,427,0.004538920000000001
relu_prior_JDXUUE.pt,56,780,0.00454126
relu_prior_NIUHGT.pt,56,259,0.00458174
relu_prior_4YF3I5.pt,7,541,0.00461942
relu_prior_HGO5HX.pt,112,134,0.00465962
relu_prior_DNT3HS.pt,56,765,0.00458334
relu_prior_XLN6AY.pt,112,33,0.004502260000000001
relu_prior_OA6BSM.pt,112,493,0.004572940000000001
relu_prior_WVT4IN.pt,14,13,0.004589919999999998
relu_prior_D1PXDE.pt,56,702,0.004620420000000001
relu_prior_8Q7F28.pt,28,849,0.00456024
relu_prior_N1VWW2.pt,28,531,0.004578200000000001
relu_prior_N8HJGI.pt,28,256,0.004619420000000002
relu_prior_TB7POK.pt,14,102,0.004493520000000002
relu_prior_95XOMB.pt,14,516,0.0046082399999999996
relu_prior_GTYH9Q.pt,28,179,0.00457386
relu_prior_U05X7P.pt,7,507,0.004485719999999999
relu_prior_O6I0R3.pt,14,95,0.004559380000000001
relu_prior_KPFS76.pt,28,999,0.004574460000000001
relu_prior_DTPVJ6.pt,7,137,0.00449184
relu_prior_CE9ET6.pt,28,258,0.0045717200000000005
relu_prior_R60Q24.pt,3,116,0.004575439999999999
relu_prior_51J6NL.pt,28,151,0.00456062
relu_prior_0F1TCJ.pt,14,206,0.00454084
relu_prior_NHB9A0.pt,7,1071,0.004546840000000001
relu_prior_N24E6U.pt,7,238,0.004539980000000002
relu_prior_XQICE8.pt,1,811,0.0045414
relu_prior_5HGHOM.pt,7,62,0.0045578599999999995
relu_prior_9N8WUD.pt,28,621,0.0045359799999999985
relu_prior_5BV44K.pt,14,771,0.00458056
relu_prior_JSVYGY.pt,28,116,0.004566940000000002
relu_prior_T31GWE.pt,56,855,0.004557539999999999
relu_prior_ZRI0F4.pt,14,537,0.0045179
relu_prior_YJQKNE.pt,28,169,0.00458708
relu_prior_BXPV6A.pt,14,122,0.0045066199999999985
relu_prior_OW0J7V.pt,14,70,0.005094000000000002
relu_prior_SD5FVT.pt,56,38,0.004717540000000001
relu_prior_JE47D7.pt,56,197,0.00460544
relu_prior_A4M0LO.pt,28,981,0.00459154
relu_prior_L4OCNX.pt,14,825,0.004567579999999999
relu_prior_EC5H6Q.pt,14,436,0.00449084
relu_prior_UAZCWA.pt,56,256,0.004779679999999999
relu_prior_1M76I3.pt,14,11,0.004569059999999999
relu_prior_XS4DUH.pt,28,542,0.004542920000000001
relu_prior_9B84D4.pt,14,255,0.00452858
relu_prior_69D9VP.pt,112,185,0.0045619
relu_prior_83CFJC.pt,56,1009,0.00452798
relu_prior_0SBB5K.pt,28,971,0.004648579999999999
relu_prior_JU2V1Z.pt,28,111,0.00453296
relu_prior_Z40CGV.pt,224,445,0.00459406
relu_prior_G4PJ3U.pt,56,195,0.0045834199999999995
relu_prior_UDBO6A.pt,14,55,0.00452422
relu_prior_KEXYCE.pt,112,139,0.004544919999999998
relu_prior_2CSYHN.pt,14,171,0.0045327
relu_prior_145MLI.pt,112,455,0.004546220000000001
relu_prior_OU19MN.pt,112,511,0.0045768399999999996
relu_prior_ZAFC0O.pt,28,46,0.004522180000000001
relu_prior_QC8R16.pt,14,171,0.004532080000000001
relu_prior_U6WE63.pt,7,975,0.00467538
relu_prior_A34NG7.pt,14,270,0.004556159999999998
relu_prior_I4B1TB.pt,14,118,0.0047005799999999985
relu_prior_16WW7A.pt,28,1773,0.004547220000000001
relu_prior_ZPXJ14.pt,56,407,0.004599359999999999
relu_prior_KHNHTE.pt,28,272,0.00457598
relu_prior_97VE90.pt,56,299,0.004623480000000001
relu_prior_ZS7LYD.pt,112,442,0.0044643
relu_prior_POI3FI.pt,112,139,0.00460764
relu_prior_BLBY2C.pt,14,1043,0.004530740000000001
relu_prior_X6IZWR.pt,56,498,0.004555240000000001
relu_prior_SYHRYY.pt,28,1156,0.00459092
relu_prior_NA41WN.pt,14,803,0.004674240000000001
relu_prior_BBU1QW.pt,14,2051,0.0045483799999999994
relu_prior_U02OL9.pt,224,1693,0.0045997
relu_prior_DEXPDE.pt,56,947,0.0045873400000000005
relu_prior_62ANAE.pt,14,256,0.004547560000000001
relu_prior_HGYIZK.pt,112,22,0.00453986
relu_prior_D6W0YI.pt,56,477,0.004557639999999999
relu_prior_IUZRZ8.pt,28,232,0.004617499999999999
relu_prior_IDOP14.pt,14,941,0.004617340000000001
relu_prior_QJZNBI.pt,7,78,0.004680759999999999
relu_prior_DOKXFN.pt,14,199,0.00452394
relu_prior_YIK5J7.pt,28,468,0.004552639999999999
relu_prior_R68G37.pt,14,5,0.0045905600000000005
relu_prior_XDUSMH.pt,7,174,0.004712259999999998
relu_prior_RND4Y8.pt,28,163,0.004627699999999999
relu_prior_4FAO9A.pt,56,974,0.004658379999999998
relu_prior_DLAYTH.pt,28,92,0.004645680000000002
relu_prior_EDR63D.pt,7,119,0.004622880000000001
relu_prior_NZH1EY.pt,56,516,0.004655480000000001
relu_prior_8BX7BR.pt,112,158,0.00461838
relu_prior_P3XKSJ.pt,112,23,0.004499039999999999
relu_prior_89I6G3.pt,56,39,0.004588060000000001
relu_prior_E8PADO.pt,112,988,0.00455608
relu_prior_AX0Z68.pt,14,66,0.004536539999999999
relu_prior_UFBUHX.pt,14,817,0.0045617800000000005
relu_prior_D1T708.pt,14,124,0.004525600000000001
relu_prior_7KJ7EV.pt,14,92,0.0045606399999999995
relu_prior_TLW00D.pt,56,95,0.00446366
relu_prior_60VG4T.pt,224,481,0.004527820000000001
relu_prior_3AGT52.pt,28,227,0.004564180000000002
relu_prior_XJEVKT.pt,14,60,0.004556819999999999
relu_prior_N7ZK0I.pt,14,1019,0.00459078
relu_prior_TPSWOM.pt,14,1572,0.0045534799999999995
relu_prior_VGTVEL.pt,14,211,0.004517500000000001
relu_prior_POIOXL.pt,14,178,0.00464512
relu_prior_9NEKPX.pt,14,331,0.004515360000000001
relu_prior_WKAEAF.pt,14,528,0.004558800000000001
relu_prior_992KAE.pt,56,145,0.004536420000000001
relu_prior_OC39NL.pt,112,86,0.004597859999999998
relu_prior_J8ZGZA.pt,7,154,0.004522859999999998
relu_prior_SSJ4GN.pt,14,492,0.004524200000000002
relu_prior_7QQJAQ.pt,14,238,0.00456126
relu_prior_06FS49.pt,7,99,0.004543300000000001
relu_prior_FWQZDX.pt,112,19,0.0045854599999999995
relu_prior_17IKM2.pt,28,48,0.00451284
relu_prior_C4PGVE.pt,56,184,0.004590200000000001
relu_prior_AZU6BT.pt,14,504,0.004568020000000001
relu_prior_VBYVM2.pt,14,161,0.00454424
relu_prior_WK09IC.pt,56,801,0.0044519799999999995
relu_prior_1DF67B.pt,112,172,0.004572460000000001
relu_prior_8OWE6B.pt,28,198,0.0045886400000000015
relu_prior_7KUX68.pt,14,78,0.004520859999999998
relu_prior_MWYF22.pt,14,679,0.004563759999999999
relu_prior_QMY0QS.pt,7,498,0.004638700000000001
relu_prior_LC1BZ6.pt,28,226,0.00456612
relu_prior_YK2QAN.pt,112,502,0.004524319999999999
relu_prior_BPFSEA.pt,1,185,0.00453158
relu_prior_H9F2WR.pt,14,32,0.00455812
relu_prior_E3D4PY.pt,112,138,0.004527300000000001
relu_prior_ODR4A5.pt,1,147,0.004527099999999999
relu_prior_QRUCDY.pt,112,28,0.004502279999999999
relu_prior_62DGVC.pt,14,517,0.00453154
relu_prior_VE2P4V.pt,56,74,0.004586640000000001
relu_prior_9I47GA.pt,112,1999,0.004555120000000001
relu_prior_1NRS7W.pt,112,272,0.0045771
relu_prior_DKSPBM.pt,28,388,0.00455224
relu_prior_OUCK48.pt,7,127,0.004555760000000001
relu_prior_IW7H2I.pt,56,150,0.004474580000000001
relu_prior_X9RP88.pt,112,518,0.00466744
relu_prior_LEFLDV.pt,112,1004,0.0045498
relu_prior_KYYZ2M.pt,112,242,0.0045744600000000015
relu_prior_RBSW3O.pt,28,168,0.00454982
relu_prior_C6AIDF.pt,1,450,0.004544280000000001
relu_prior_FYP386.pt,56,161,0.004587380000000001
relu_prior_70EHTK.pt,112,773,0.0045483400000000005
relu_prior_TG92JA.pt,14,264,0.004542880000000001
relu_prior_8GK36Q.pt,56,495,0.00456162
relu_prior_4DEFWG.pt,28,129,0.0045805
relu_prior_GU2QT5.pt,7,376,0.00454766
relu_prior_YPRSW4.pt,28,31,0.00670382
relu_prior_Y3N761.pt,28,508,0.004501260000000001
relu_prior_AD6BNS.pt,1,27,0.004498760000000001
relu_prior_FZPVLS.pt,28,421,0.00455902
relu_prior_PJ1M4B.pt,56,250,0.00456158
relu_prior_CGCV07.pt,224,425,0.00458142
relu_prior_R49HG6.pt,14,96,0.0044925799999999995
relu_prior_STN8Q5.pt,14,644,0.0045472
relu_prior_27UHHU.pt,14,266,0.00451712
relu_prior_B1DNNO.pt,14,123,0.004521099999999999
relu_prior_ELOFZU.pt,14,171,0.004541419999999999
relu_prior_JTG6LZ.pt,7,571,0.0045254200000000005
relu_prior_ND7IEM.pt,112,530,0.004575199999999999
relu_prior_JY7TQV.pt,7,92,0.004500919999999999
relu_prior_DFR9CI.pt,14,479,0.004535039999999999
relu_prior_DHY6L7.pt,14,88,0.004511680000000001
relu_prior_Z058GK.pt,28,163,0.004550679999999999
relu_prior_PKSOUX.pt,28,117,0.004530099999999999
relu_prior_RVUJ6C.pt,7,27,0.004600099999999999
relu_prior_YA5QBY.pt,28,227,0.00458194
relu_prior_Z4JBOT.pt,28,531,0.004598439999999999
relu_prior_KW7HWY.pt,7,257,0.00453438
relu_prior_ZO8MO9.pt,28,798,0.004621480000000001
relu_prior_KX8S7R.pt,7,970,0.004537479999999999
relu_prior_IFTTRU.pt,7,991,0.0045356599999999995
relu_prior_OGPAC2.pt,28,301,0.004571899999999999
relu_prior_2EIC8O.pt,28,402,0.00457336
relu_prior_YBH6CJ.pt,3,7,0.004571840000000001
relu_prior_SZSKKC.pt,14,268,0.0045000000000000005
relu_prior_BKYNNC.pt,14,21,0.004561819999999999
relu_prior_50VSCX.pt,28,542,0.004531
relu_prior_AZB53L.pt,14,175,0.004516599999999999
relu_prior_9ZKU15.pt,14,252,0.004541199999999999
relu_prior_INICNG.pt,112,516,0.004530419999999999
relu_prior_NYA2MQ.pt,56,2042,0.0045587599999999985
relu_prior_M6B8QZ.pt,7,74,0.0045623799999999996
relu_prior_GRVF7V.pt,28,40,0.004518880000000001
relu_prior_624JAQ.pt,14,16,0.004517839999999999
relu_prior_QFMB3R.pt,56,38,0.00457424
relu_prior_64M10H.pt,28,271,0.004553959999999999
relu_prior_EKUHN2.pt,56,907,0.0045549399999999995
relu_prior_AAAXL8.pt,7,1187,0.004484699999999999
relu_prior_56TEKK.pt,14,185,0.00448766
relu_prior_930FO5.pt,28,223,0.004581260000000001
relu_prior_2GUK41.pt,28,21,0.004532199999999998
relu_prior_E1D1RR.pt,3,962,0.0046276600000000005
relu_prior_WR8ZMM.pt,56,519,0.0045003199999999995
relu_prior_FSNQBK.pt,14,12,0.004497480000000002
relu_prior_ZZMM02.pt,7,22,0.004505640000000001
relu_prior_TYD6K8.pt,28,115,0.004516839999999999
relu_prior_4CBIK5.pt,7,764,0.004512
relu_prior_GDS8SX.pt,3,71,0.004498659999999999
relu_prior_T6SSCW.pt,14,7,0.004503060000000001
relu_prior_3VK9PP.pt,7,58,0.004513899999999999
relu_prior_I2Y8K2.pt,56,142,0.0045215199999999985
relu_prior_FQIE2V.pt,14,747,0.004579280000000001
relu_prior_3TOH0P.pt,14,95,0.004545219999999999
relu_prior_78D7YS.pt,14,193,0.004511440000000002
relu_prior_UJHVKY.pt,14,68,0.00452874
relu_prior_5YNB3L.pt,14,83,0.004504539999999999
relu_prior_KYZ8GR.pt,28,427,0.004493239999999999
relu_prior_XRIPAL.pt,56,961,0.004688760000000001
relu_prior_HLHCAM.pt,28,236,0.004594139999999999
relu_prior_U417RL.pt,28,424,0.00449614
relu_prior_TQNGLV.pt,14,175,0.00449544
relu_prior_BOXYQO.pt,56,21,0.00456068
relu_prior_LPCONZ.pt,14,124,0.004604860000000003
relu_prior_G89QX0.pt,14,264,0.00452204
relu_prior_SNYM4G.pt,14,288,0.00454196
relu_prior_4NF0Y9.pt,28,70,0.004633960000000001
relu_prior_YLAPSP.pt,1,503,0.0045201999999999985
relu_prior_EPUH0W.pt,56,200,0.0045784000000000016
relu_prior_733ZLO.pt,28,228,0.00480736
relu_prior_HTVPBV.pt,56,147,0.004649199999999999
relu_prior_879YXG.pt,28,206,0.0046155000000000015
relu_prior_J98USY.pt,112,60,0.004583920000000001
relu_prior_AFXX7O.pt,56,333,0.004586440000000001
relu_prior_P5Y9ZC.pt,56,87,0.004572860000000001
relu_prior_RSUYK5.pt,28,1281,0.00461112
relu_prior_STV3NS.pt,14,176,0.004561340000000001
relu_prior_OB4XVX.pt,28,28,0.00455694
relu_prior_9XII1G.pt,14,506,0.00452418
relu_prior_40FUKZ.pt,28,594,0.004635199999999997
relu_prior_HHDBR8.pt,56,42,0.004607159999999998
relu_prior_DLJFEX.pt,112,662,0.0045259
relu_prior_QV2IKA.pt,28,267,0.004566739999999999
relu_prior_29XH65.pt,56,125,0.004477699999999999
relu_prior_5LL3SU.pt,3,516,0.0045518
relu_prior_JIAL6T.pt,112,512,0.00454422
relu_prior_5W47P0.pt,28,136,0.00458404
relu_prior_QGDCDU.pt,14,128,0.0045504
relu_prior_QI77I9.pt,112,493,0.004582980000000001
relu_prior_24IE0H.pt,14,220,0.004594639999999998
relu_prior_XKMV5S.pt,14,975,0.004752279999999999
relu_prior_I40IB8.pt,7,40,0.005193719999999998
relu_prior_WA7ZHB.pt,14,534,0.004482600000000001
relu_prior_8B9KQO.pt,14,324,0.004594419999999998
relu_prior_CKGWLF.pt,14,485,0.00453674
relu_prior_0ZZM68.pt,14,217,0.00461252
relu_prior_8YROKU.pt,14,997,0.004528220000000002
relu_prior_VCXSP4.pt,7,821,0.004507539999999999
relu_prior_MINXJZ.pt,7,780,0.004517859999999999
relu_prior_NVDE5X.pt,7,1355,0.0045232000000000015
relu_prior_GE4K7A.pt,28,130,0.004568079999999999
relu_prior_SY3R6Z.pt,28,509,0.00452856
relu_prior_VV7LL1.pt,14,825,0.004590620000000001
relu_prior_PUCC7K.pt,28,117,0.00453806
relu_prior_CE3AY2.pt,14,191,0.004485559999999999
relu_prior_LY1ZUF.pt,14,288,0.004589819999999998
relu_prior_IB464A.pt,56,151,0.004526519999999999
relu_prior_L3GXSR.pt,28,469,0.00457318
relu_prior_ZOFT8A.pt,112,453,0.004512
relu_prior_SHBDA7.pt,224,160,0.0046301599999999995
relu_prior_T67WYC.pt,7,1555,0.004560260000000001
relu_prior_PWTF0Y.pt,28,220,0.004733680000000001
relu_prior_BPU1HM.pt,7,47,0.004557480000000001
relu_prior_SAPAJV.pt,14,238,0.0045147999999999985
relu_prior_FWODBA.pt,28,457,0.00451346
relu_prior_DAMEMV.pt,14,956,0.00456408
relu_prior_FA73RH.pt,14,114,0.0046029600000000006
relu_prior_7KBXK6.pt,56,136,0.004545659999999999
relu_prior_X94EJD.pt,112,143,0.0045379
relu_prior_LAZVDT.pt,14,5,0.004511479999999999
relu_prior_7TPS3I.pt,14,55,0.00458566
relu_prior_ATOXC3.pt,1,31,0.0045730200000000006
relu_prior_SSKY5I.pt,7,202,0.00451616
relu_prior_X72MRT.pt,14,209,0.004529759999999999
relu_prior_ZAJMMN.pt,56,66,0.00457406
relu_prior_TUXS0P.pt,14,536,0.004566160000000001
relu_prior_BGGCJB.pt,7,66,0.0045292200000000005
relu_prior_R4R7Y4.pt,56,985,0.0045588600000000005
relu_prior_P4HXHK.pt,28,515,0.0045026
relu_prior_32T3HU.pt,14,101,0.004550639999999999
relu_prior_JYTMGF.pt,7,102,0.00454168
relu_prior_KQBJYS.pt,7,129,0.00466858
relu_prior_63I7I7.pt,112,244,0.004553139999999998
relu_prior_2DJHY4.pt,14,155,0.004572839999999999
relu_prior_8GXZN8.pt,56,381,0.004586159999999999
relu_prior_1V2V30.pt,56,93,0.004499580000000001
relu_prior_NCWYY6.pt,56,91,0.004625719999999999
relu_prior_NNJO8D.pt,28,1137,0.00463692
relu_prior_FBUCWL.pt,14,182,0.004457140000000001
relu_prior_FW9M66.pt,7,520,0.00454484
relu_prior_MDNWHO.pt,14,206,0.0045130599999999976
relu_prior_2SI5ZE.pt,28,53,0.00455516
relu_prior_BLDM9J.pt,14,505,0.004511619999999999
relu_prior_ESCLD2.pt,56,1711,0.00456554
relu_prior_KU2P9U.pt,28,588,0.004560160000000001
relu_prior_NM3CS1.pt,14,65,0.004520239999999999
relu_prior_7CJ60G.pt,56,770,0.0045422599999999985
relu_prior_RIW58Q.pt,28,252,0.004692259999999999
relu_prior_PR0NQU.pt,224,154,0.004514259999999999
relu_prior_D095A3.pt,28,478,0.004505360000000001
relu_prior_CCO600.pt,14,147,0.00451976
relu_prior_PG77KY.pt,56,21,0.004556099999999999
relu_prior_A2FRTU.pt,14,525,0.00456632
relu_prior_6O4GQO.pt,28,1887,0.004563159999999999
relu_prior_G9MFH5.pt,28,20,0.004541399999999999
relu_prior_6J64ZU.pt,7,19,0.00455678
relu_prior_1D1AWF.pt,112,11,0.004569439999999999
relu_prior_1MRNSY.pt,7,223,0.004510300000000002
relu_prior_E128AW.pt,14,496,0.004504000000000001
relu_prior_EKFAO7.pt,112,437,0.004567860000000001
relu_prior_XPRNPH.pt,14,255,0.004557159999999999
relu_prior_MCS9WK.pt,14,629,0.00457378
relu_prior_SGEZIR.pt,7,482,0.004534819999999999
relu_prior_4XXXPC.pt,112,1661,0.004591340000000001
relu_prior_6KS18Z.pt,14,193,0.004498240000000001
relu_prior_KTQ5H2.pt,28,108,0.00450074
relu_prior_BBGAZE.pt,56,128,0.004565819999999999
relu_prior_IP935G.pt,14,12,0.004482360000000001
relu_prior_6ONT78.pt,28,1018,0.0046552799999999995
relu_prior_LTJU91.pt,56,67,0.00458302
relu_prior_QB9UJ5.pt,56,506,0.004559960000000001
relu_prior_E3GNVN.pt,7,84,0.0046428400000000005
relu_prior_CGOY5F.pt,7,81,0.004528720000000001
relu_prior_BIIBC8.pt,14,114,0.0045447199999999995
relu_prior_V4RI2C.pt,14,538,0.0046289999999999994
relu_prior_QYWCOV.pt,14,923,0.0045736200000000005
relu_prior_EMXGFF.pt,14,775,0.00455868
relu_prior_NJTEVX.pt,112,130,0.004733879999999999
relu_prior_90WDF2.pt,7,259,0.0045893800000000005
relu_prior_LNZB02.pt,112,74,0.00467352
relu_prior_JCLFM9.pt,112,51,0.004737300000000001
relu_prior_PRIOVY.pt,112,527,0.004687299999999998
relu_prior_QMC06Q.pt,14,117,0.004693040000000002
relu_prior_WVEC3A.pt,14,1055,0.004638500000000002
relu_prior_V52821.pt,3,196,0.0045897
relu_prior_X3H7WH.pt,28,2041,0.0045308399999999995
relu_prior_TMXHJT.pt,14,1813,0.004509719999999998
relu_prior_TPXLGQ.pt,7,161,0.00454256
relu_prior_AOTOK7.pt,7,246,0.0045213200000000005
relu_prior_VB1L1C.pt,28,30,0.0045319
relu_prior_ZOK4M2.pt,14,520,0.004498219999999999
relu_prior_E7TZY5.pt,56,48,0.00458108
relu_prior_APGH6A.pt,14,30,0.004551479999999999
relu_prior_G5L03F.pt,14,217,0.00453548
relu_prior_16XISN.pt,14,272,0.004585920000000002
relu_prior_AT914L.pt,112,61,0.004565939999999999
relu_prior_FPQJVC.pt,56,495,0.0045682000000000006
relu_prior_NOZV9X.pt,224,427,0.0046114
relu_prior_GKJF7E.pt,28,531,0.004563699999999999
relu_prior_MUE2DE.pt,56,789,0.004593959999999999
relu_prior_5WGSKW.pt,14,457,0.00458284
relu_prior_DYU6RH.pt,28,31,0.004542960000000001
relu_prior_Q161DY.pt,14,5,0.00458702
relu_prior_NWT47Y.pt,28,237,0.00465808
relu_prior_EI5R0Y.pt,7,182,0.004552839999999999
relu_prior_0YQ9OI.pt,56,36,0.00457484
relu_prior_OXINLP.pt,14,259,0.004570500000000002
relu_prior_8IIKZI.pt,28,3,0.00453166
relu_prior_HKFQ9J.pt,56,41,0.00453168
relu_prior_W9XIZK.pt,28,167,0.0047379599999999985
relu_prior_LTRC8P.pt,112,132,0.00456556
relu_prior_9PE3HK.pt,14,105,0.00457148
relu_prior_B4C9BV.pt,56,578,0.004634940000000001
relu_prior_IEIQVF.pt,28,15,0.0044909400000000006
relu_prior_LUC7WE.pt,14,529,0.00456138
relu_prior_OCF0WV.pt,7,37,0.004541100000000002
relu_prior_8NX2XN.pt,7,143,0.004537739999999999
relu_prior_A4F4KI.pt,28,35,0.00453908
relu_prior_D7QUZV.pt,28,250,0.00458794
relu_prior_XJ2W63.pt,56,520,0.004577799999999999
relu_prior_E4YU4E.pt,56,23,0.004496299999999998
relu_prior_G6NVEZ.pt,7,256,0.00451838
relu_prior_UIXQMP.pt,112,128,0.005176680000000001
relu_prior_STDXJB.pt,112,191,0.00455986
relu_prior_EM4KY6.pt,56,19,0.00459402
relu_prior_5OL1CD.pt,28,8,0.0046153999999999995
relu_prior_H5FMFT.pt,28,263,0.004555859999999999
relu_prior_O6ME0N.pt,56,112,0.004513339999999999
relu_prior_AM7E6H.pt,7,56,0.00450836
relu_prior_L04X7F.pt,1,156,0.0045521400000000005
relu_prior_O9ZQY7.pt,28,39,0.00461806
relu_prior_JJ5RCR.pt,28,267,0.004564679999999999
relu_prior_B681O7.pt,56,231,0.004582320000000001
relu_prior_VNPNOA.pt,28,72,0.004501419999999999
relu_prior_LDH1XN.pt,14,510,0.004560079999999999
relu_prior_VNJGHE.pt,56,806,0.0045313
relu_prior_FW83CN.pt,28,214,0.00460698
relu_prior_7MWV0V.pt,7,128,0.00454232
relu_prior_76BQJM.pt,14,1147,0.0045812000000000005
relu_prior_HTZS1G.pt,7,59,0.00452936
relu_prior_MGN1M5.pt,14,86,0.0046415
relu_prior_AZ8FE8.pt,56,588,0.004574660000000002
relu_prior_QZFSSZ.pt,7,786,0.004568060000000001
relu_prior_R6EYGF.pt,7,815,0.004544360000000001
relu_prior_UJAEU2.pt,56,170,0.004567380000000002
relu_prior_QCLSL4.pt,7,496,0.004518380000000002
relu_prior_V0MB4C.pt,14,123,0.0045518799999999995
relu_prior_ZELQ9H.pt,28,208,0.004607900000000001
relu_prior_BXXK86.pt,56,117,0.004490359999999999
relu_prior_NN78M7.pt,14,103,0.0045685
relu_prior_USOZWG.pt,14,212,0.00453936
relu_prior_S0QGFX.pt,3,210,0.004536280000000003
relu_prior_TFL0XQ.pt,14,261,0.0045369600000000005
relu_prior_7O5JAX.pt,28,2028,0.00459948
relu_prior_AESUG7.pt,28,2113,0.004603240000000001
relu_prior_D7TWNE.pt,7,21,0.0045600000000000016
relu_prior_5EE5R0.pt,28,133,0.004569000000000002
relu_prior_928TQI.pt,28,211,0.004556140000000001
relu_prior_KGZYLW.pt,14,149,0.0045277
relu_prior_Y5YBJ0.pt,28,217,0.00457794
relu_prior_OI6S4C.pt,14,483,0.0045316
relu_prior_C15X8A.pt,56,89,0.005053060000000001
relu_prior_ZXUTLF.pt,28,44,0.004582400000000001
relu_prior_FSTZUJ.pt,14,494,0.004562319999999999
relu_prior_V2MOBQ.pt,28,863,0.00461756
relu_prior_UD25FX.pt,28,84,0.004577859999999998
relu_prior_5L3PB3.pt,56,541,0.004527899999999999
relu_prior_AKA7FH.pt,28,128,0.004593659999999999
relu_prior_ACKTDD.pt,14,189,0.00453606
relu_prior_GK67T0.pt,14,533,0.004535040000000001
relu_prior_V25LQU.pt,14,216,0.004594040000000001
relu_prior_9E2ZI8.pt,14,815,0.004615300000000001
relu_prior_J630LS.pt,14,82,0.004537679999999999
relu_prior_O5LE2O.pt,28,80,0.00456016
relu_prior_S3B7S9.pt,7,436,0.004536459999999999
relu_prior_C3LB1J.pt,56,192,0.004585599999999999
relu_prior_P35RFN.pt,14,493,0.0045712999999999995
relu_prior_9LZR7G.pt,14,511,0.0045272
relu_prior_SKEZR7.pt,7,350,0.004491640000000002
relu_prior_A8ALSB.pt,7,96,0.004547779999999999
relu_prior_6MH03J.pt,14,248,0.00505616
relu_prior_RDN3HN.pt,28,26,0.004590819999999999
relu_prior_NX01DG.pt,3,237,0.00444766
relu_prior_YSYIIT.pt,112,9,0.0046175800000000005
relu_prior_N310IU.pt,14,212,0.0045963
relu_prior_33RC56.pt,28,211,0.004852760000000002
relu_prior_9JBY93.pt,112,265,0.00457544
relu_prior_MZIZDG.pt,28,130,0.004541960000000001
relu_prior_J9YQQX.pt,7,138,0.00453764
relu_prior_JNEC1W.pt,14,828,0.00459268
relu_prior_VI2KVV.pt,28,805,0.00466258
relu_prior_0IIQ65.pt,28,131,0.004556800000000001
relu_prior_73DOU0.pt,7,120,0.004542919999999999
relu_prior_0NRGR1.pt,7,122,0.0044984199999999995
relu_prior_OJIWBM.pt,28,242,0.0045869
relu_prior_A0RS5X.pt,56,521,0.00458206
relu_prior_CCVCGM.pt,14,171,0.00456868
relu_prior_BSV3JT.pt,14,52,0.004587539999999998
relu_prior_U60DRN.pt,112,84,0.004542000000000001
relu_prior_LUWZJ0.pt,28,193,0.00465174
relu_prior_RK1MPJ.pt,28,252,0.004571079999999998
relu_prior_K7V5VY.pt,112,11,0.00456368
relu_prior_4JFIN1.pt,56,28,0.004489479999999999
relu_prior_7LS69R.pt,28,19,0.00452082
relu_prior_E4AZ7O.pt,28,148,0.0045695
relu_prior_R09PGC.pt,14,11,0.0045619
relu_prior_BC7UHS.pt,56,16,0.004511600000000001
relu_prior_VLAQC3.pt,56,91,0.0045334600000000004
relu_prior_P405C1.pt,56,984,0.00459044
relu_prior_4RF94J.pt,28,974,0.0045931800000000005
relu_prior_2CA6LB.pt,28,152,0.00458928
relu_prior_5269PX.pt,7,834,0.0045747
relu_prior_OMVGSB.pt,56,846,0.004571099999999999
relu_prior_S7FVQM.pt,14,231,0.00455102
relu_prior_1B06BN.pt,224,275,0.005004619999999999
relu_prior_R6GPLI.pt,14,234,0.0045355
relu_prior_G8XZEM.pt,28,120,0.00464336
relu_prior_N7BRN6.pt,14,137,0.005063139999999999
relu_prior_6KO3XD.pt,7,120,0.00451318
relu_prior_87NEXY.pt,28,170,0.004588839999999999
relu_prior_4M825T.pt,1,20,0.004490439999999998
relu_prior_01QXL2.pt,56,528,0.004543160000000001
relu_prior_YX4F19.pt,28,964,0.004587320000000001
relu_prior_5IA0RN.pt,112,804,0.004555179999999999
relu_prior_DECQOB.pt,14,99,0.00453068
relu_prior_6VAP6V.pt,7,265,0.0045771200000000005
relu_prior_IO7AAF.pt,112,933,0.0045339199999999994
relu_prior_RPBUB1.pt,14,80,0.004594999999999999
relu_prior_LMFJEA.pt,7,189,0.00450908
relu_prior_JH0TMV.pt,7,683,0.00451678
relu_prior_3CYV0B.pt,14,9,0.004514860000000001
relu_prior_4W6008.pt,28,122,0.004554819999999999
relu_prior_X3M311.pt,28,50,0.004532879999999999
relu_prior_YNZOMF.pt,14,2016,0.0044878800000000005
relu_prior_AQ7G0G.pt,224,179,0.004512240000000001
